13.533198: 1253.0, 413.0, 1280.0, 455.0
13.566531: 1246.0, 420.0, 1280.0, 462.0
13.599864: 1232.0, 427.0, 1280.0, 469.0
13.633197: 1218.0, 441.0, 1280.0, 483.0
13.66653: 1211.0, 448.0, 1267.0, 490.0
13.699863: 1197.0, 462.0, 1260.0, 504.0
13.733196: 1183.0, 469.0, 1246.0, 504.0
13.766529: 1176.0, 476.0, 1232.0, 518.0
13.799862: 1162.0, 483.0, 1218.0, 525.0
13.833195: 1148.0, 490.0, 1204.0, 525.0
13.866528: 1134.0, 497.0, 1190.0, 532.0
13.899861: 1106.0, 504.0, 1176.0, 546.0
13.933194: 1099.0, 511.0, 1169.0, 546.0
13.966527: 1085.0, 518.0, 1155.0, 553.0
13.99986: 1071.0, 518.0, 1134.0, 560.0
14.033193: 1064.0, 525.0, 1127.0, 560.0
14.066526: 1050.0, 532.0, 1113.0, 567.0
14.099859: 1036.0, 532.0, 1099.0, 567.0
14.133192: 1029.0, 532.0, 1078.0, 567.0
14.166525: 1015.0, 539.0, 1071.0, 567.0
14.199858: 1001.0, 539.0, 1057.0, 574.0
14.233191: 987.0, 539.0, 1043.0, 574.0
14.266524: 973.0, 539.0, 1029.0, 574.0
14.299857: 959.0, 539.0, 1015.0, 574.0
14.33319: 952.0, 539.0, 1008.0, 574.0
14.366523: 938.0, 539.0, 994.0, 574.0
14.399856: 924.0, 539.0, 980.0, 574.0
14.433189: 910.0, 539.0, 973.0, 567.0
14.466522: 903.0, 532.0, 959.0, 567.0
14.499855: 889.0, 532.0, 952.0, 567.0
14.533188: 875.0, 532.0, 938.0, 567.0
14.566521: 868.0, 525.0, 924.0, 560.0
14.599854: 854.0, 525.0, 917.0, 560.0
14.633187: 847.0, 518.0, 903.0, 553.0
14.66652: 833.0, 518.0, 896.0, 553.0
14.699853: 826.0, 511.0, 882.0, 546.0
14.733186: 819.0, 511.0, 875.0, 546.0
14.766519: 805.0, 504.0, 868.0, 539.0
14.799852: 798.0, 504.0, 854.0, 539.0
14.833185: 791.0, 504.0, 847.0, 532.0
14.866518: 784.0, 497.0, 840.0, 532.0
14.899851: 777.0, 497.0, 826.0, 525.0
14.933184: 770.0, 490.0, 819.0, 525.0
14.966517: 763.0, 490.0, 812.0, 525.0
14.99985: 756.0, 490.0, 805.0, 525.0
15.033183: 749.0, 490.0, 798.0, 518.0
15.066516: 742.0, 483.0, 791.0, 518.0
15.099849: 735.0, 483.0, 784.0, 518.0
15.133182: 728.0, 490.0, 777.0, 518.0
15.166515: 728.0, 490.0, 770.0, 518.0
15.199848: 721.0, 490.0, 770.0, 525.0
15.233181: 721.0, 490.0, 763.0, 525.0
15.266514: 714.0, 490.0, 763.0, 525.0
15.299847: 714.0, 497.0, 756.0, 525.0
15.33318: 707.0, 497.0, 756.0, 532.0
15.366513: 707.0, 504.0, 756.0, 532.0
15.399846: 707.0, 504.0, 749.0, 539.0
15.433179: 707.0, 511.0, 749.0, 546.0
15.466512: 700.0, 518.0, 749.0, 553.0
15.499845: 700.0, 518.0, 749.0, 560.0
15.533178: 700.0, 525.0, 749.0, 567.0
15.566511: 700.0, 532.0, 749.0, 574.0
15.599844: 700.0, 539.0, 749.0, 581.0
15.633177: 700.0, 546.0, 749.0, 588.0
15.66651: 707.0, 553.0, 749.0, 595.0
15.699843: 707.0, 560.0, 749.0, 602.0
15.733176: 707.0, 567.0, 756.0, 609.0
15.766509: 707.0, 574.0, 756.0, 616.0
15.799842: 714.0, 581.0, 756.0, 623.0
15.833175: 714.0, 588.0, 763.0, 630.0
15.866508: 714.0, 595.0, 763.0, 637.0
15.899841: 721.0, 602.0, 763.0, 637.0
15.933174: 721.0, 609.0, 763.0, 644.0
15.966507: 728.0, 616.0, 763.0, 651.0
15.99984: 728.0, 623.0, 770.0, 658.0
16.033173: 728.0, 630.0, 770.0, 665.0
16.066506: 728.0, 637.0, 770.0, 672.0
16.099839: 735.0, 644.0, 777.0, 672.0
16.133172: 735.0, 644.0, 777.0, 679.0
16.166505: 742.0, 651.0, 784.0, 686.0
16.199838: 742.0, 658.0, 784.0, 686.0
16.233171: 742.0, 658.0, 784.0, 693.0
16.266504: 749.0, 665.0, 791.0, 693.0
16.299837: 749.0, 665.0, 791.0, 700.0
16.33317: 749.0, 672.0, 791.0, 700.0
16.366503: 756.0, 672.0, 798.0, 700.0
16.399836: 756.0, 672.0, 798.0, 707.0
16.433169: 763.0, 679.0, 805.0, 707.0
16.466502: 763.0, 679.0, 805.0, 707.0
16.499835: 770.0, 679.0, 812.0, 707.0
16.533168: 770.0, 679.0, 812.0, 707.0
16.566501: 777.0, 679.0, 819.0, 707.0
16.599834: 777.0, 679.0, 819.0, 707.0
16.633167: 784.0, 679.0, 826.0, 707.0
16.6665: 784.0, 679.0, 826.0, 707.0
16.699833: 791.0, 679.0, 833.0, 707.0
16.733166: 791.0, 679.0, 840.0, 707.0
16.766499: 798.0, 672.0, 840.0, 707.0
16.799832: 798.0, 672.0, 847.0, 707.0
16.833165: 805.0, 672.0, 847.0, 707.0
16.866498: 805.0, 665.0, 854.0, 700.0
16.899831: 812.0, 658.0, 861.0, 700.0
16.933164: 819.0, 658.0, 861.0, 693.0
16.966497: 819.0, 651.0, 868.0, 686.0
16.99983: 826.0, 644.0, 875.0, 686.0
17.033163: 833.0, 637.0, 875.0, 679.0
17.066496: 833.0, 637.0, 882.0, 672.0
17.099829: 840.0, 630.0, 889.0, 665.0
17.133162: 840.0, 616.0, 896.0, 658.0
17.166495: 847.0, 609.0, 903.0, 651.0
17.199828: 847.0, 602.0, 903.0, 644.0
17.233161: 854.0, 595.0, 910.0, 637.0
17.266494: 861.0, 595.0, 917.0, 630.0
17.299827: 861.0, 588.0, 917.0, 623.0
17.33316: 868.0, 581.0, 924.0, 616.0
17.366493: 868.0, 574.0, 924.0, 616.0
17.399826: 868.0, 574.0, 931.0, 609.0
17.433159: 875.0, 567.0, 931.0, 602.0
17.466492: 875.0, 560.0, 931.0, 602.0
17.499825: 875.0, 560.0, 938.0, 595.0
17.533158: 882.0, 553.0, 938.0, 588.0
17.566491: 882.0, 553.0, 938.0, 588.0
17.599824: 882.0, 546.0, 938.0, 581.0
17.633157: 882.0, 539.0, 938.0, 581.0
17.66649: 882.0, 539.0, 938.0, 574.0
17.699823: 882.0, 532.0, 938.0, 567.0
17.733156: 882.0, 525.0, 938.0, 567.0
17.766489: 882.0, 518.0, 938.0, 560.0
17.799822: 882.0, 518.0, 938.0, 553.0
17.833155: 882.0, 511.0, 938.0, 553.0
17.866488: 882.0, 511.0, 938.0, 546.0
17.899821: 875.0, 504.0, 938.0, 546.0
17.933154: 875.0, 504.0, 938.0, 539.0
17.966487: 875.0, 497.0, 938.0, 539.0
17.99982: 875.0, 497.0, 931.0, 532.0
18.033153: 868.0, 497.0, 931.0, 532.0
18.066486: 868.0, 497.0, 924.0, 532.0
18.099819: 861.0, 490.0, 924.0, 532.0
18.133152: 861.0, 497.0, 924.0, 532.0
18.166485: 854.0, 497.0, 917.0, 532.0
18.199818: 847.0, 490.0, 910.0, 532.0
18.233151: 840.0, 483.0, 910.0, 525.0
18.266484: 833.0, 483.0, 903.0, 525.0
18.299817: 826.0, 483.0, 896.0, 532.0
18.33315: 812.0, 483.0, 889.0, 532.0
18.366483: 805.0, 483.0, 882.0, 532.0
18.399816: 791.0, 483.0, 868.0, 532.0
18.433149: 777.0, 490.0, 854.0, 532.0
18.466482: 763.0, 490.0, 847.0, 532.0
18.499815: 749.0, 490.0, 833.0, 539.0
18.533148: 735.0, 490.0, 819.0, 539.0
18.566481: 714.0, 497.0, 798.0, 539.0
18.599814: 693.0, 497.0, 784.0, 546.0
18.633147: 672.0, 504.0, 763.0, 553.0
18.66648: 644.0, 504.0, 742.0, 553.0
18.699813: 616.0, 511.0, 714.0, 553.0
18.733146: 588.0, 511.0, 686.0, 560.0
18.766479: 553.0, 511.0, 658.0, 560.0
18.799812: 518.0, 518.0, 623.0, 560.0
18.833145: 483.0, 518.0, 588.0, 567.0
18.866478: 448.0, 518.0, 546.0, 567.0
18.899811: 406.0, 518.0, 504.0, 574.0
18.933144: 350.0, 525.0, 469.0, 574.0
18.966477: 294.0, 525.0, 427.0, 574.0
18.99981: 245.0, 525.0, 385.0, 581.0
19.066476: 115.0, 528.0, 245.0, 576.0
21.033123: 0.0, 231.0, 63.0, 266.0
21.066456: 21.0, 231.0, 91.0, 259.0
21.099789: 49.0, 231.0, 119.0, 259.0
21.133122: 70.0, 224.0, 140.0, 259.0
21.166455: 98.0, 224.0, 168.0, 259.0
21.199788: 126.0, 224.0, 189.0, 252.0
21.233121: 154.0, 217.0, 217.0, 252.0
21.266454: 175.0, 217.0, 238.0, 252.0
21.299787: 196.0, 217.0, 266.0, 245.0
21.33312: 224.0, 210.0, 287.0, 245.0
21.366453: 252.0, 210.0, 315.0, 238.0
21.399786: 273.0, 203.0, 336.0, 238.0
21.433119: 301.0, 203.0, 357.0, 238.0
21.466452: 322.0, 203.0, 385.0, 231.0
21.499785: 343.0, 196.0, 406.0, 231.0
21.533118: 371.0, 196.0, 427.0, 231.0
21.566451: 392.0, 196.0, 455.0, 224.0
21.599784: 413.0, 196.0, 476.0, 224.0
21.633117: 441.0, 196.0, 497.0, 231.0
21.66645: 462.0, 196.0, 525.0, 231.0
21.699783: 483.0, 203.0, 546.0, 238.0
21.733116: 511.0, 203.0, 574.0, 238.0
21.766449: 532.0, 210.0, 595.0, 245.0
21.799782: 560.0, 217.0, 616.0, 245.0
21.833115: 581.0, 217.0, 651.0, 259.0
21.866448: 609.0, 224.0, 672.0, 259.0
21.899781: 637.0, 231.0, 700.0, 273.0
21.933114: 658.0, 238.0, 728.0, 280.0
21.966447: 686.0, 245.0, 756.0, 287.0
21.99978: 714.0, 252.0, 784.0, 294.0
22.033113: 742.0, 266.0, 812.0, 301.0
22.066446: 770.0, 273.0, 840.0, 315.0
22.099779: 798.0, 280.0, 868.0, 322.0
22.133112: 826.0, 294.0, 896.0, 336.0
22.166445: 854.0, 301.0, 924.0, 343.0
22.199778: 882.0, 315.0, 952.0, 357.0
22.233111: 917.0, 329.0, 987.0, 371.0
22.266444: 945.0, 343.0, 1015.0, 385.0
22.299777: 980.0, 350.0, 1050.0, 392.0
22.33311: 1008.0, 364.0, 1078.0, 406.0
22.366443: 1043.0, 378.0, 1113.0, 420.0
22.399776: 1078.0, 392.0, 1148.0, 434.0
22.433109: 1106.0, 406.0, 1183.0, 448.0
22.466442: 1141.0, 413.0, 1211.0, 455.0
22.499775: 1176.0, 427.0, 1246.0, 469.0
22.533108: 1211.0, 441.0, 1280.0, 483.0
22.566441: 1246.0, 455.0, 1280.0, 490.0
22.599774: 1246.0, 455.0, 1280.0, 490.0
22.633107: 1246.0, 455.0, 1280.0, 490.0
22.66644: 1246.0, 455.0, 1280.0, 490.0
22.699773: 1246.0, 455.0, 1280.0, 490.0
22.733106: 1246.0, 455.0, 1280.0, 490.0
25.899741: 1246.0, 511.0, 1280.0, 539.0
25.933074: 1232.0, 511.0, 1274.0, 539.0
25.966407: 1218.0, 511.0, 1260.0, 539.0
25.99974: 1211.0, 511.0, 1253.0, 539.0
26.033073: 1197.0, 511.0, 1239.0, 539.0
26.066406: 1183.0, 511.0, 1225.0, 539.0
26.099739: 1176.0, 511.0, 1211.0, 539.0
26.133072: 1162.0, 511.0, 1204.0, 539.0
26.166405: 1148.0, 511.0, 1190.0, 539.0
26.199738: 1141.0, 511.0, 1176.0, 539.0
26.233071: 1127.0, 511.0, 1169.0, 539.0
26.266404: 1120.0, 511.0, 1155.0, 539.0
26.299737: 1106.0, 511.0, 1148.0, 532.0
26.33307: 1099.0, 504.0, 1134.0, 532.0
26.366403: 1085.0, 504.0, 1127.0, 532.0
26.399736: 1078.0, 504.0, 1113.0, 532.0
26.433069: 1071.0, 504.0, 1106.0, 532.0
26.466402: 1064.0, 504.0, 1099.0, 532.0
26.499735: 1057.0, 504.0, 1092.0, 525.0
26.533068: 1050.0, 497.0, 1085.0, 525.0
26.566401: 1043.0, 497.0, 1078.0, 525.0
26.599734: 1036.0, 497.0, 1071.0, 525.0
26.633067: 1029.0, 490.0, 1064.0, 518.0
26.6664: 1022.0, 490.0, 1057.0, 518.0
26.699733: 1015.0, 490.0, 1050.0, 518.0
26.733066: 1015.0, 483.0, 1050.0, 511.0
26.766399: 1008.0, 483.0, 1043.0, 511.0
26.799732: 1001.0, 476.0, 1036.0, 504.0
26.833065: 1001.0, 476.0, 1036.0, 504.0
26.866398: 994.0, 469.0, 1029.0, 497.0
26.899731: 994.0, 469.0, 1029.0, 497.0
26.933064: 987.0, 462.0, 1022.0, 490.0
26.966397: 987.0, 462.0, 1022.0, 490.0
26.99973: 987.0, 455.0, 1022.0, 483.0
27.033063: 980.0, 448.0, 1015.0, 476.0
27.066396: 980.0, 441.0, 1015.0, 469.0
27.099729: 980.0, 441.0, 1015.0, 469.0
27.133062: 980.0, 434.0, 1015.0, 462.0
27.166395: 980.0, 427.0, 1015.0, 455.0
27.199728: 973.0, 420.0, 1008.0, 448.0
27.233061: 973.0, 413.0, 1008.0, 441.0
27.266394: 973.0, 406.0, 1008.0, 434.0
27.299727: 973.0, 399.0, 1008.0, 427.0
27.33306: 973.0, 392.0, 1008.0, 420.0
27.366393: 973.0, 385.0, 1008.0, 413.0
27.399726: 973.0, 378.0, 1008.0, 413.0
27.433059: 973.0, 371.0, 1008.0, 406.0
27.466392: 973.0, 371.0, 1008.0, 399.0
27.499725: 973.0, 364.0, 1008.0, 392.0
27.533058: 973.0, 357.0, 1008.0, 385.0
27.566391: 973.0, 357.0, 1008.0, 378.0
27.599724: 973.0, 350.0, 1008.0, 378.0
27.633057: 973.0, 343.0, 1008.0, 371.0
27.66639: 973.0, 343.0, 1008.0, 371.0
27.699723: 973.0, 343.0, 1008.0, 364.0
27.733056: 973.0, 336.0, 1008.0, 364.0
27.766389: 973.0, 336.0, 1008.0, 364.0
27.799722: 973.0, 336.0, 1008.0, 357.0
27.833055: 973.0, 336.0, 1008.0, 357.0
27.866388: 980.0, 336.0, 1008.0, 357.0
27.899721: 980.0, 336.0, 1008.0, 357.0
27.933054: 980.0, 329.0, 1008.0, 357.0
27.966387: 980.0, 329.0, 1008.0, 357.0
27.99972: 980.0, 329.0, 1008.0, 357.0
28.033053: 980.0, 329.0, 1008.0, 357.0
28.066386: 980.0, 329.0, 1015.0, 357.0
28.099719: 980.0, 329.0, 1015.0, 357.0
28.133052: 980.0, 329.0, 1015.0, 350.0
28.166385: 980.0, 329.0, 1015.0, 350.0
28.199718: 980.0, 329.0, 1015.0, 350.0
28.233051: 980.0, 322.0, 1015.0, 350.0
28.266384: 980.0, 322.0, 1015.0, 350.0
28.299717: 987.0, 322.0, 1022.0, 343.0
28.33305: 987.0, 315.0, 1022.0, 343.0
28.366383: 987.0, 315.0, 1022.0, 343.0
28.399716: 987.0, 315.0, 1022.0, 343.0
28.433049: 994.0, 315.0, 1029.0, 336.0
28.466382: 994.0, 308.0, 1029.0, 336.0
28.499715: 994.0, 308.0, 1029.0, 336.0
28.533048: 994.0, 308.0, 1029.0, 336.0
28.566381: 1001.0, 308.0, 1036.0, 329.0
28.599714: 1001.0, 308.0, 1036.0, 329.0
28.633047: 1001.0, 308.0, 1036.0, 329.0
28.66638: 1001.0, 308.0, 1036.0, 329.0
28.699713: 1001.0, 308.0, 1036.0, 329.0
28.733046: 1008.0, 308.0, 1029.0, 329.0
28.766379: 1008.0, 308.0, 1029.0, 329.0
28.799712: 1008.0, 308.0, 1029.0, 329.0
28.833045: 1001.0, 308.0, 1036.0, 329.0
28.866378: 1001.0, 308.0, 1036.0, 336.0
28.899711: 994.0, 308.0, 1036.0, 336.0
28.933044: 994.0, 308.0, 1029.0, 336.0
28.966377: 994.0, 315.0, 1029.0, 343.0
28.99971: 987.0, 315.0, 1029.0, 343.0
29.033043: 987.0, 315.0, 1029.0, 343.0
29.066376: 980.0, 322.0, 1022.0, 350.0
29.099709: 980.0, 322.0, 1022.0, 357.0
29.133042: 973.0, 329.0, 1015.0, 357.0
29.166375: 973.0, 336.0, 1015.0, 364.0
29.199708: 966.0, 336.0, 1008.0, 371.0
29.233041: 959.0, 343.0, 1001.0, 378.0
29.266374: 952.0, 350.0, 1001.0, 385.0
29.299707: 938.0, 357.0, 987.0, 392.0
29.33304: 931.0, 364.0, 980.0, 399.0
29.366373: 917.0, 371.0, 973.0, 413.0
29.399706: 910.0, 385.0, 966.0, 420.0
29.433039: 896.0, 392.0, 952.0, 427.0
29.466372: 882.0, 399.0, 938.0, 441.0
29.499705: 868.0, 413.0, 931.0, 448.0
29.533038: 854.0, 420.0, 910.0, 462.0
29.566371: 840.0, 427.0, 896.0, 469.0
29.599704: 819.0, 441.0, 882.0, 483.0
29.633037: 798.0, 448.0, 861.0, 490.0
29.66637: 777.0, 462.0, 840.0, 497.0
29.699703: 756.0, 469.0, 819.0, 511.0
29.733036: 735.0, 476.0, 798.0, 518.0
29.766369: 707.0, 490.0, 777.0, 525.0
29.799702: 679.0, 497.0, 749.0, 539.0
29.833035: 658.0, 504.0, 728.0, 546.0
29.866368: 630.0, 518.0, 700.0, 553.0
29.899701: 602.0, 525.0, 672.0, 560.0
29.933034: 567.0, 532.0, 637.0, 567.0
29.966367: 539.0, 539.0, 609.0, 574.0
29.9997: 511.0, 546.0, 581.0, 581.0
30.033033: 483.0, 546.0, 553.0, 581.0
30.066366: 462.0, 553.0, 518.0, 581.0
30.099699: 434.0, 553.0, 497.0, 588.0
30.133032: 406.0, 560.0, 469.0, 588.0
30.166365: 378.0, 560.0, 441.0, 595.0
30.199698: 343.0, 567.0, 406.0, 595.0
30.233031: 315.0, 567.0, 378.0, 595.0
30.266364: 287.0, 567.0, 357.0, 602.0
30.299697: 259.0, 567.0, 322.0, 602.0
30.33303: 231.0, 574.0, 294.0, 602.0
30.366363: 203.0, 574.0, 266.0, 609.0
30.399696: 182.0, 574.0, 245.0, 609.0
30.433029: 154.0, 581.0, 217.0, 609.0
30.466362: 126.0, 581.0, 189.0, 616.0
30.499695: 98.0, 581.0, 161.0, 616.0
30.533028: 70.0, 588.0, 133.0, 616.0
30.566361: 49.0, 588.0, 105.0, 616.0
30.599694: 21.0, 588.0, 84.0, 623.0
30.633027: 0.0, 588.0, 56.0, 623.0
30.66636: 0.0, 588.0, 35.0, 623.0
30.699693: 0.0, 595.0, 14.0, 616.0
30.733026: 0.0, 595.0, 14.0, 616.0
30.766359: 0.0, 595.0, 14.0, 616.0
30.799692: 0.0, 595.0, 14.0, 616.0
30.833025: 0.0, 595.0, 14.0, 616.0
30.866358: 0.0, 595.0, 14.0, 616.0
32.66634: 0.0, 441.0, 49.0, 483.0
32.699673: 7.0, 448.0, 70.0, 490.0
32.733006: 35.0, 455.0, 98.0, 490.0
32.766339: 56.0, 462.0, 126.0, 497.0
32.799672: 84.0, 462.0, 147.0, 497.0
32.833005: 112.0, 469.0, 175.0, 504.0
32.866338: 133.0, 469.0, 196.0, 504.0
32.899671: 161.0, 476.0, 224.0, 511.0
32.933004: 182.0, 476.0, 245.0, 511.0
32.966337: 210.0, 476.0, 273.0, 511.0
32.99967: 238.0, 476.0, 294.0, 511.0
33.033003: 259.0, 476.0, 315.0, 511.0
33.066336: 280.0, 476.0, 336.0, 511.0
33.099669: 308.0, 469.0, 357.0, 504.0
33.133002: 329.0, 469.0, 385.0, 504.0
33.166335: 350.0, 469.0, 406.0, 497.0
33.199668: 371.0, 462.0, 427.0, 497.0
33.233001: 392.0, 462.0, 448.0, 490.0
33.266334: 420.0, 455.0, 469.0, 490.0
33.299667: 441.0, 455.0, 497.0, 490.0
33.333: 455.0, 448.0, 518.0, 483.0
33.366333: 476.0, 448.0, 539.0, 483.0
33.399666: 497.0, 441.0, 560.0, 476.0
33.432999: 518.0, 441.0, 574.0, 476.0
33.466332: 539.0, 434.0, 595.0, 469.0
33.499665: 553.0, 434.0, 616.0, 469.0
33.532998: 574.0, 427.0, 630.0, 462.0
33.566331: 588.0, 427.0, 651.0, 462.0
33.599664: 609.0, 427.0, 665.0, 455.0
33.632997: 623.0, 420.0, 686.0, 455.0
33.66633: 644.0, 420.0, 700.0, 455.0
33.699663: 658.0, 420.0, 714.0, 448.0
33.732996: 679.0, 413.0, 735.0, 448.0
33.766329: 693.0, 413.0, 749.0, 448.0
33.799662: 707.0, 413.0, 763.0, 441.0
33.832995: 728.0, 406.0, 777.0, 441.0
33.866328: 742.0, 406.0, 791.0, 441.0
33.899661: 756.0, 406.0, 812.0, 441.0
33.932994: 770.0, 406.0, 826.0, 434.0
33.966327: 791.0, 406.0, 840.0, 434.0
33.99966: 805.0, 406.0, 854.0, 434.0
34.032993: 819.0, 406.0, 868.0, 434.0
34.066326: 833.0, 406.0, 882.0, 434.0
34.099659: 847.0, 406.0, 896.0, 434.0
34.132992: 861.0, 406.0, 910.0, 434.0
34.166325: 882.0, 406.0, 924.0, 434.0
34.199658: 896.0, 406.0, 938.0, 441.0
34.232991: 910.0, 406.0, 952.0, 441.0
34.266324: 924.0, 413.0, 966.0, 441.0
34.299657: 938.0, 413.0, 980.0, 441.0
34.33299: 952.0, 413.0, 994.0, 441.0
34.366323: 959.0, 413.0, 1008.0, 448.0
34.399656: 973.0, 420.0, 1022.0, 448.0
34.432989: 987.0, 420.0, 1036.0, 448.0
34.466322: 1001.0, 420.0, 1050.0, 448.0
34.499655: 1015.0, 420.0, 1064.0, 455.0
34.532988: 1029.0, 427.0, 1071.0, 455.0
34.566321: 1043.0, 427.0, 1085.0, 455.0
34.599654: 1057.0, 427.0, 1099.0, 455.0
34.632987: 1071.0, 427.0, 1113.0, 462.0
34.66632: 1085.0, 434.0, 1127.0, 462.0
34.699653: 1092.0, 434.0, 1141.0, 462.0
34.732986: 1106.0, 434.0, 1155.0, 469.0
34.766319: 1120.0, 441.0, 1169.0, 469.0
34.799652: 1134.0, 441.0, 1183.0, 469.0
34.832985: 1148.0, 441.0, 1197.0, 476.0
34.866318: 1162.0, 448.0, 1204.0, 476.0
34.899651: 1176.0, 448.0, 1218.0, 483.0
34.932984: 1183.0, 455.0, 1232.0, 483.0
34.966317: 1197.0, 462.0, 1246.0, 490.0
34.99965: 1211.0, 462.0, 1260.0, 497.0
35.032983: 1225.0, 469.0, 1274.0, 497.0
35.066316: 1239.0, 469.0, 1280.0, 504.0
35.099649: 1253.0, 476.0, 1280.0, 504.0
35.132982: 1267.0, 483.0, 1280.0, 504.0
35.166315: 1267.0, 483.0, 1280.0, 504.0
35.199648: 1267.0, 483.0, 1280.0, 504.0
35.232981: 1267.0, 483.0, 1280.0, 504.0
35.266314: 1267.0, 483.0, 1280.0, 504.0
35.299647: 1267.0, 483.0, 1280.0, 504.0
37.166295: 1239.0, 553.0, 1280.0, 581.0
37.199628: 1225.0, 546.0, 1274.0, 581.0
37.232961: 1204.0, 546.0, 1253.0, 581.0
37.266294: 1183.0, 539.0, 1239.0, 574.0
37.299627: 1169.0, 539.0, 1218.0, 567.0
37.33296: 1148.0, 532.0, 1204.0, 567.0
37.366293: 1134.0, 525.0, 1183.0, 560.0
37.399626: 1113.0, 518.0, 1169.0, 553.0
37.432959: 1099.0, 511.0, 1148.0, 546.0
37.466292: 1085.0, 511.0, 1127.0, 539.0
37.499625: 1064.0, 504.0, 1113.0, 532.0
37.532958: 1050.0, 497.0, 1099.0, 525.0
37.566291: 1029.0, 490.0, 1078.0, 518.0
37.599624: 1015.0, 483.0, 1064.0, 511.0
37.632957: 1001.0, 476.0, 1050.0, 511.0
37.66629: 987.0, 469.0, 1029.0, 504.0
37.699623: 966.0, 462.0, 1015.0, 497.0
37.732956: 952.0, 462.0, 1001.0, 490.0
37.766289: 938.0, 455.0, 987.0, 483.0
37.799622: 924.0, 448.0, 973.0, 483.0
37.832955: 910.0, 448.0, 959.0, 476.0
37.866288: 896.0, 441.0, 945.0, 476.0
37.899621: 882.0, 441.0, 931.0, 469.0
37.932954: 875.0, 434.0, 917.0, 469.0
37.966287: 861.0, 434.0, 903.0, 462.0
37.99962: 847.0, 434.0, 889.0, 462.0
38.032953: 833.0, 434.0, 875.0, 462.0
38.066286: 819.0, 427.0, 861.0, 462.0
38.099619: 812.0, 427.0, 854.0, 462.0
38.132952: 798.0, 427.0, 840.0, 455.0
38.166285: 784.0, 427.0, 826.0, 455.0
38.199618: 777.0, 427.0, 819.0, 455.0
38.232951: 770.0, 427.0, 805.0, 462.0
38.266284: 756.0, 427.0, 798.0, 462.0
38.299617: 749.0, 434.0, 784.0, 462.0
38.33295: 742.0, 434.0, 777.0, 462.0
38.366283: 735.0, 434.0, 770.0, 462.0
38.399616: 728.0, 434.0, 763.0, 462.0
38.432949: 721.0, 434.0, 756.0, 462.0
38.466282: 721.0, 441.0, 749.0, 469.0
38.499615: 714.0, 441.0, 749.0, 469.0
38.532948: 714.0, 441.0, 742.0, 469.0
38.566281: 707.0, 441.0, 742.0, 469.0
38.599614: 707.0, 441.0, 735.0, 469.0
38.632947: 707.0, 448.0, 735.0, 476.0
38.66628: 707.0, 448.0, 735.0, 476.0
38.699613: 707.0, 448.0, 735.0, 476.0
38.732946: 707.0, 448.0, 735.0, 476.0
38.766279: 707.0, 455.0, 735.0, 476.0
38.799612: 714.0, 455.0, 735.0, 476.0
38.832945: 721.0, 455.0, 735.0, 476.0
38.866278: 714.0, 455.0, 742.0, 483.0
38.899611: 721.0, 455.0, 742.0, 483.0
38.932944: 721.0, 455.0, 749.0, 483.0
38.966277: 721.0, 455.0, 749.0, 483.0
38.99961: 728.0, 455.0, 756.0, 483.0
39.032943: 735.0, 462.0, 763.0, 483.0
39.066276: 735.0, 462.0, 763.0, 490.0
39.099609: 742.0, 462.0, 770.0, 490.0
39.132942: 749.0, 462.0, 777.0, 490.0
39.166275: 756.0, 462.0, 784.0, 490.0
39.199608: 763.0, 462.0, 791.0, 490.0
39.232941: 770.0, 469.0, 798.0, 497.0
39.266274: 777.0, 469.0, 805.0, 497.0
39.299607: 784.0, 469.0, 812.0, 497.0
39.33294: 791.0, 469.0, 826.0, 497.0
39.366273: 798.0, 469.0, 833.0, 497.0
39.399606: 805.0, 469.0, 840.0, 497.0
39.432939: 812.0, 469.0, 847.0, 497.0
39.466272: 826.0, 469.0, 861.0, 504.0
39.499605: 833.0, 476.0, 868.0, 504.0
39.532938: 840.0, 476.0, 875.0, 504.0
39.566271: 854.0, 476.0, 889.0, 504.0
39.599604: 861.0, 476.0, 896.0, 504.0
39.632937: 868.0, 476.0, 903.0, 504.0
39.66627: 882.0, 476.0, 917.0, 504.0
39.699603: 889.0, 476.0, 924.0, 504.0
39.732936: 896.0, 476.0, 931.0, 504.0
39.766269: 910.0, 476.0, 945.0, 504.0
39.799602: 917.0, 476.0, 952.0, 504.0
39.832935: 924.0, 483.0, 959.0, 504.0
39.866268: 938.0, 483.0, 966.0, 504.0
39.899601: 952.0, 483.0, 973.0, 511.0
39.932934: 959.0, 483.0, 994.0, 511.0
39.966267: 966.0, 483.0, 1001.0, 511.0
39.9996: 973.0, 483.0, 1008.0, 511.0
40.032933: 987.0, 490.0, 1022.0, 511.0
40.066266: 994.0, 490.0, 1029.0, 511.0
40.099599: 1008.0, 490.0, 1036.0, 511.0
40.132932: 1015.0, 490.0, 1043.0, 511.0
40.166265: 1022.0, 490.0, 1057.0, 511.0
40.199598: 1036.0, 490.0, 1064.0, 518.0
40.232931: 1043.0, 490.0, 1071.0, 518.0
40.266264: 1050.0, 490.0, 1078.0, 518.0
40.299597: 1057.0, 490.0, 1085.0, 518.0
40.33293: 1064.0, 490.0, 1092.0, 518.0
40.366263: 1071.0, 490.0, 1106.0, 518.0
40.399596: 1078.0, 490.0, 1106.0, 518.0
40.432929: 1085.0, 490.0, 1113.0, 518.0
40.466262: 1092.0, 490.0, 1127.0, 518.0
40.499595: 1099.0, 490.0, 1127.0, 518.0
40.532928: 1106.0, 490.0, 1134.0, 518.0
40.566261: 1113.0, 490.0, 1141.0, 511.0
40.599594: 1120.0, 490.0, 1148.0, 511.0
40.632927: 1127.0, 490.0, 1155.0, 511.0
40.66626: 1127.0, 483.0, 1162.0, 511.0
40.699593: 1134.0, 483.0, 1169.0, 511.0
40.732926: 1141.0, 483.0, 1176.0, 511.0
40.766259: 1148.0, 483.0, 1183.0, 504.0
40.799592: 1148.0, 476.0, 1183.0, 504.0
40.832925: 1155.0, 476.0, 1190.0, 504.0
40.866258: 1162.0, 476.0, 1197.0, 504.0
40.899591: 1169.0, 476.0, 1204.0, 497.0
40.932924: 1176.0, 469.0, 1211.0, 497.0
40.966257: 1183.0, 469.0, 1218.0, 497.0
40.99959: 1190.0, 469.0, 1225.0, 497.0
41.032923: 1197.0, 469.0, 1232.0, 490.0
41.066256: 1204.0, 462.0, 1239.0, 490.0
41.099589: 1211.0, 462.0, 1246.0, 490.0
41.132922: 1218.0, 455.0, 1253.0, 483.0
41.166255: 1225.0, 455.0, 1260.0, 483.0
41.199588: 1232.0, 455.0, 1267.0, 483.0
41.232921: 1239.0, 448.0, 1280.0, 476.0
41.266254: 1253.0, 448.0, 1280.0, 476.0
41.299587: 1260.0, 441.0, 1280.0, 469.0
41.33292: 1267.0, 441.0, 1280.0, 462.0
41.366253: 1267.0, 441.0, 1280.0, 462.0
41.399586: 1267.0, 441.0, 1280.0, 462.0
41.432919: 1267.0, 441.0, 1280.0, 462.0
41.466252: 1267.0, 441.0, 1280.0, 462.0
41.499585: 1267.0, 441.0, 1280.0, 462.0
44.66622: 1260.0, 448.0, 1280.0, 476.0
44.699553: 1239.0, 455.0, 1274.0, 476.0
44.732886: 1225.0, 455.0, 1253.0, 476.0
44.766219: 1204.0, 455.0, 1239.0, 476.0
44.799552: 1190.0, 455.0, 1218.0, 476.0
44.832885: 1169.0, 455.0, 1204.0, 476.0
44.866218: 1148.0, 455.0, 1190.0, 476.0
44.899551: 1134.0, 455.0, 1169.0, 483.0
44.932884: 1120.0, 455.0, 1155.0, 476.0
44.966217: 1099.0, 455.0, 1134.0, 483.0
44.99955: 1085.0, 455.0, 1120.0, 483.0
45.032883: 1071.0, 455.0, 1099.0, 483.0
45.066216: 1050.0, 455.0, 1085.0, 483.0
45.099549: 1029.0, 462.0, 1071.0, 483.0
45.132882: 1022.0, 462.0, 1050.0, 483.0
45.166215: 1001.0, 462.0, 1036.0, 483.0
45.199548: 994.0, 462.0, 1022.0, 483.0
45.232881: 973.0, 462.0, 994.0, 483.0
45.266214: 952.0, 462.0, 987.0, 490.0
45.299547: 931.0, 462.0, 973.0, 490.0
45.33288: 917.0, 462.0, 952.0, 490.0
45.366213: 896.0, 462.0, 938.0, 490.0
45.399546: 882.0, 462.0, 924.0, 490.0
45.432879: 868.0, 462.0, 903.0, 490.0
45.466212: 854.0, 469.0, 889.0, 490.0
45.499545: 833.0, 462.0, 875.0, 490.0
45.532878: 819.0, 462.0, 861.0, 497.0
45.566211: 805.0, 462.0, 847.0, 490.0
45.599544: 791.0, 462.0, 833.0, 490.0
45.632877: 777.0, 462.0, 819.0, 490.0
45.66621: 763.0, 462.0, 805.0, 490.0
45.699543: 749.0, 462.0, 791.0, 490.0
45.732876: 742.0, 462.0, 777.0, 490.0
45.766209: 728.0, 462.0, 763.0, 490.0
45.799542: 714.0, 462.0, 749.0, 490.0
45.832875: 700.0, 462.0, 742.0, 490.0
45.866208: 693.0, 462.0, 728.0, 490.0
45.899541: 679.0, 462.0, 721.0, 490.0
45.932874: 672.0, 462.0, 707.0, 490.0
45.966207: 665.0, 462.0, 700.0, 490.0
45.99954: 658.0, 462.0, 686.0, 490.0
46.032873: 644.0, 462.0, 679.0, 490.0
46.066206: 637.0, 462.0, 672.0, 490.0
46.099539: 630.0, 462.0, 665.0, 490.0
46.132872: 623.0, 462.0, 658.0, 490.0
46.166205: 616.0, 462.0, 651.0, 490.0
46.199538: 616.0, 462.0, 644.0, 490.0
46.232871: 609.0, 462.0, 637.0, 490.0
46.266204: 602.0, 462.0, 637.0, 490.0
46.299537: 602.0, 462.0, 630.0, 490.0
46.33287: 602.0, 469.0, 630.0, 497.0
46.366203: 602.0, 469.0, 623.0, 497.0
46.399536: 602.0, 469.0, 623.0, 497.0
46.432869: 602.0, 476.0, 630.0, 497.0
46.466202: 602.0, 476.0, 630.0, 504.0
46.499535: 602.0, 476.0, 630.0, 504.0
46.532868: 609.0, 476.0, 637.0, 504.0
46.566201: 609.0, 483.0, 637.0, 511.0
46.599534: 616.0, 483.0, 644.0, 511.0
46.632867: 623.0, 483.0, 651.0, 511.0
46.6662: 623.0, 483.0, 658.0, 511.0
46.699533: 630.0, 490.0, 665.0, 518.0
46.732866: 644.0, 490.0, 672.0, 518.0
46.766199: 651.0, 490.0, 686.0, 518.0
46.799532: 658.0, 490.0, 693.0, 525.0
46.832865: 672.0, 497.0, 707.0, 525.0
46.866198: 679.0, 497.0, 721.0, 525.0
46.899531: 693.0, 497.0, 728.0, 525.0
46.932864: 700.0, 497.0, 742.0, 525.0
46.966197: 714.0, 497.0, 756.0, 525.0
46.99953: 728.0, 497.0, 770.0, 525.0
47.032863: 742.0, 497.0, 784.0, 532.0
47.066196: 756.0, 497.0, 798.0, 532.0
47.099529: 770.0, 504.0, 812.0, 532.0
47.132862: 784.0, 504.0, 833.0, 532.0
47.166195: 805.0, 497.0, 847.0, 532.0
47.199528: 819.0, 497.0, 868.0, 532.0
47.232861: 833.0, 497.0, 882.0, 532.0
47.266194: 854.0, 497.0, 896.0, 525.0
47.299527: 868.0, 497.0, 917.0, 525.0
47.33286: 889.0, 497.0, 931.0, 525.0
47.366193: 903.0, 497.0, 952.0, 525.0
47.399526: 924.0, 497.0, 966.0, 525.0
47.432859: 938.0, 497.0, 987.0, 525.0
47.466192: 959.0, 497.0, 1008.0, 525.0
47.499525: 980.0, 497.0, 1022.0, 525.0
47.532858: 994.0, 497.0, 1043.0, 518.0
47.566191: 1015.0, 497.0, 1057.0, 518.0
47.599524: 1029.0, 490.0, 1078.0, 518.0
47.632857: 1043.0, 490.0, 1092.0, 518.0
47.66619: 1064.0, 490.0, 1106.0, 518.0
47.699523: 1078.0, 490.0, 1127.0, 518.0
47.732856: 1099.0, 490.0, 1141.0, 518.0
47.766189: 1113.0, 490.0, 1155.0, 518.0
47.799522: 1127.0, 490.0, 1169.0, 518.0
47.832855: 1141.0, 490.0, 1183.0, 518.0
47.866188: 1155.0, 490.0, 1197.0, 518.0
47.899521: 1169.0, 490.0, 1211.0, 518.0
47.932854: 1183.0, 490.0, 1225.0, 518.0
47.966187: 1197.0, 490.0, 1239.0, 518.0
47.99952: 1204.0, 490.0, 1246.0, 518.0
48.032853: 1218.0, 490.0, 1260.0, 518.0
48.066186: 1225.0, 490.0, 1267.0, 518.0
48.099519: 1239.0, 490.0, 1274.0, 518.0
48.132852: 1246.0, 497.0, 1280.0, 525.0
48.166185: 1253.0, 497.0, 1280.0, 525.0
48.199518: 1260.0, 504.0, 1280.0, 525.0
48.232851: 1260.0, 504.0, 1280.0, 532.0
48.266184: 1267.0, 511.0, 1280.0, 532.0
48.299517: 1267.0, 511.0, 1280.0, 532.0
48.33285: 1267.0, 511.0, 1280.0, 532.0
48.366183: 1267.0, 511.0, 1280.0, 532.0
48.399516: 1267.0, 511.0, 1280.0, 532.0
48.432849: 1267.0, 511.0, 1280.0, 532.0
48.466182: 1267.0, 532.0, 1280.0, 553.0
48.499515: 1267.0, 532.0, 1280.0, 553.0
48.532848: 1260.0, 532.0, 1280.0, 560.0
48.566181: 1253.0, 532.0, 1280.0, 567.0
48.599514: 1246.0, 539.0, 1280.0, 567.0
48.632847: 1239.0, 539.0, 1280.0, 574.0
48.66618: 1232.0, 546.0, 1274.0, 574.0
48.699513: 1225.0, 546.0, 1267.0, 581.0
48.732846: 1218.0, 553.0, 1260.0, 588.0
48.766179: 1204.0, 560.0, 1246.0, 588.0
48.799512: 1197.0, 560.0, 1232.0, 595.0
48.832845: 1183.0, 567.0, 1225.0, 602.0
48.866178: 1169.0, 567.0, 1211.0, 602.0
48.899511: 1155.0, 574.0, 1197.0, 609.0
48.932844: 1141.0, 574.0, 1190.0, 609.0
48.966177: 1127.0, 581.0, 1169.0, 616.0
48.99951: 1106.0, 581.0, 1155.0, 616.0
49.032843: 1092.0, 588.0, 1141.0, 623.0
49.066176: 1071.0, 588.0, 1120.0, 623.0
49.099509: 1057.0, 595.0, 1106.0, 623.0
49.132842: 1036.0, 595.0, 1085.0, 623.0
49.166175: 1015.0, 595.0, 1071.0, 623.0
49.199508: 994.0, 595.0, 1050.0, 630.0
49.232841: 973.0, 595.0, 1022.0, 630.0
49.266174: 952.0, 595.0, 1001.0, 630.0
49.299507: 924.0, 595.0, 980.0, 630.0
49.33284: 903.0, 595.0, 959.0, 630.0
49.366173: 882.0, 595.0, 938.0, 630.0
49.399506: 854.0, 588.0, 910.0, 623.0
49.432839: 833.0, 588.0, 889.0, 623.0
49.466172: 805.0, 588.0, 868.0, 616.0
49.499505: 784.0, 581.0, 840.0, 616.0
49.532838: 756.0, 581.0, 819.0, 616.0
49.566171: 735.0, 574.0, 791.0, 609.0
49.599504: 714.0, 574.0, 770.0, 602.0
49.632837: 686.0, 567.0, 749.0, 602.0
49.66617: 665.0, 560.0, 721.0, 595.0
49.699503: 637.0, 560.0, 693.0, 595.0
49.732836: 616.0, 553.0, 672.0, 588.0
49.766169: 588.0, 546.0, 651.0, 581.0
49.799502: 567.0, 546.0, 623.0, 574.0
49.832835: 546.0, 539.0, 602.0, 574.0
49.866168: 518.0, 532.0, 581.0, 567.0
49.899501: 497.0, 525.0, 553.0, 560.0
49.932834: 483.0, 525.0, 532.0, 553.0
49.966167: 462.0, 518.0, 511.0, 546.0
49.9995: 441.0, 511.0, 490.0, 546.0
50.032833: 420.0, 504.0, 462.0, 539.0
50.066166: 399.0, 504.0, 448.0, 532.0
50.099499: 385.0, 497.0, 427.0, 525.0
50.132832: 364.0, 490.0, 406.0, 518.0
50.166165: 343.0, 483.0, 385.0, 518.0
50.199498: 322.0, 483.0, 364.0, 511.0
50.232831: 308.0, 476.0, 350.0, 504.0
50.266164: 287.0, 469.0, 336.0, 504.0
50.299497: 273.0, 462.0, 315.0, 497.0
50.33283: 259.0, 462.0, 301.0, 490.0
50.366163: 245.0, 455.0, 287.0, 483.0
50.399496: 231.0, 448.0, 273.0, 483.0
50.432829: 217.0, 448.0, 259.0, 476.0
50.466162: 210.0, 441.0, 252.0, 476.0
50.499495: 196.0, 441.0, 238.0, 469.0
50.532828: 189.0, 434.0, 231.0, 469.0
50.566161: 182.0, 434.0, 224.0, 462.0
50.599494: 175.0, 427.0, 217.0, 462.0
50.632827: 168.0, 427.0, 210.0, 455.0
50.66616: 168.0, 427.0, 203.0, 455.0
50.699493: 161.0, 420.0, 196.0, 455.0
50.732826: 161.0, 420.0, 196.0, 448.0
50.766159: 161.0, 420.0, 196.0, 448.0
50.799492: 161.0, 420.0, 189.0, 448.0
50.832825: 161.0, 420.0, 196.0, 448.0
50.866158: 154.0, 413.0, 196.0, 448.0
50.899491: 161.0, 413.0, 203.0, 448.0
50.932824: 161.0, 413.0, 210.0, 448.0
50.966157: 168.0, 413.0, 217.0, 448.0
50.99949: 175.0, 413.0, 224.0, 441.0
51.032823: 189.0, 413.0, 231.0, 441.0
51.066156: 196.0, 413.0, 245.0, 441.0
51.099489: 203.0, 413.0, 252.0, 441.0
51.132822: 224.0, 413.0, 266.0, 441.0
51.166155: 231.0, 413.0, 287.0, 441.0
51.199488: 245.0, 406.0, 301.0, 441.0
51.232821: 259.0, 406.0, 315.0, 441.0
51.266154: 280.0, 406.0, 336.0, 441.0
51.299487: 294.0, 406.0, 357.0, 441.0
51.33282: 315.0, 406.0, 378.0, 441.0
51.366153: 336.0, 413.0, 399.0, 441.0
51.399486: 357.0, 413.0, 420.0, 441.0
51.432819: 385.0, 413.0, 448.0, 441.0
51.466152: 406.0, 413.0, 469.0, 441.0
51.499485: 427.0, 406.0, 490.0, 441.0
51.532818: 462.0, 406.0, 525.0, 441.0
51.566151: 483.0, 406.0, 553.0, 441.0
51.599484: 518.0, 406.0, 588.0, 441.0
51.632817: 546.0, 399.0, 616.0, 441.0
51.66615: 574.0, 399.0, 644.0, 434.0
51.699483: 609.0, 399.0, 679.0, 434.0
51.732816: 637.0, 399.0, 714.0, 434.0
51.766149: 672.0, 392.0, 749.0, 427.0
51.799482: 707.0, 392.0, 784.0, 427.0
51.832815: 742.0, 392.0, 819.0, 427.0
51.866148: 777.0, 385.0, 854.0, 420.0
51.899481: 812.0, 385.0, 889.0, 420.0
51.932814: 847.0, 385.0, 924.0, 420.0
51.966147: 882.0, 385.0, 966.0, 420.0
51.99948: 917.0, 385.0, 1001.0, 413.0
52.032813: 959.0, 385.0, 1036.0, 413.0
52.066146: 994.0, 378.0, 1078.0, 413.0
52.099479: 1029.0, 378.0, 1113.0, 413.0
52.132812: 1071.0, 378.0, 1148.0, 413.0
52.166145: 1106.0, 378.0, 1190.0, 413.0
52.199478: 1141.0, 378.0, 1225.0, 413.0
52.232811: 1183.0, 385.0, 1260.0, 413.0
52.266144: 1218.0, 385.0, 1280.0, 413.0
52.299477: 1253.0, 378.0, 1280.0, 413.0
52.33281: 1253.0, 378.0, 1280.0, 413.0
52.366143: 1253.0, 378.0, 1280.0, 413.0
52.399476: 1253.0, 378.0, 1280.0, 413.0
52.432809: 1253.0, 378.0, 1280.0, 413.0
52.466142: 1253.0, 378.0, 1280.0, 413.0
54.232791: 1204.0, 490.0, 1280.0, 525.0
54.266124: 1169.0, 483.0, 1246.0, 518.0
54.299457: 1134.0, 476.0, 1211.0, 518.0
54.33279: 1099.0, 476.0, 1176.0, 511.0
54.366123: 1064.0, 469.0, 1141.0, 511.0
54.399456: 1029.0, 469.0, 1106.0, 504.0
54.432789: 1001.0, 469.0, 1071.0, 504.0
54.466122: 966.0, 469.0, 1036.0, 497.0
54.499455: 931.0, 462.0, 1001.0, 497.0
54.532788: 896.0, 462.0, 966.0, 497.0
54.566121: 861.0, 462.0, 938.0, 497.0
54.599454: 826.0, 462.0, 903.0, 497.0
54.632787: 791.0, 462.0, 868.0, 497.0
54.66612: 756.0, 462.0, 833.0, 497.0
54.699453: 728.0, 462.0, 798.0, 497.0
54.732786: 693.0, 462.0, 763.0, 497.0
54.766119: 658.0, 462.0, 728.0, 497.0
54.799452: 623.0, 462.0, 693.0, 497.0
54.832785: 588.0, 462.0, 658.0, 497.0
54.866118: 553.0, 462.0, 623.0, 497.0
54.899451: 518.0, 469.0, 588.0, 497.0
54.932784: 483.0, 469.0, 553.0, 504.0
54.966117: 448.0, 469.0, 518.0, 504.0
54.99945: 420.0, 469.0, 490.0, 504.0
55.032783: 385.0, 469.0, 455.0, 504.0
55.066116: 350.0, 469.0, 420.0, 504.0
55.099449: 322.0, 469.0, 392.0, 497.0
55.132782: 287.0, 462.0, 357.0, 497.0
55.166115: 252.0, 462.0, 322.0, 497.0
55.199448: 217.0, 462.0, 287.0, 497.0
55.232781: 182.0, 455.0, 252.0, 490.0
55.266114: 147.0, 455.0, 210.0, 490.0
55.299447: 119.0, 455.0, 189.0, 490.0
55.33278: 84.0, 448.0, 147.0, 483.0
55.366113: 49.0, 448.0, 112.0, 483.0
55.399446: 21.0, 441.0, 77.0, 476.0
55.432779: 0.0, 434.0, 49.0, 476.0
55.466112: 0.0, 441.0, 14.0, 469.0
55.499445: 0.0, 441.0, 14.0, 469.0
55.532778: 0.0, 441.0, 14.0, 469.0
55.566111: 0.0, 441.0, 14.0, 469.0
55.599444: 0.0, 441.0, 14.0, 469.0
55.632777: 0.0, 441.0, 14.0, 469.0
56.832765: 28.0, 345.0, 99.0, 398.0
56.932764: 130.0, 378.0, 227.0, 433.0
56.99943: 317.0, 457.0, 317.0, 457.0
56.99943: 219.0, 400.0, 309.0, 444.0
57.099429: 338.0, 421.0, 436.0, 480.0
57.199428: 464.0, 462.0, 560.0, 517.0
57.299427: 603.0, 501.0, 713.0, 562.0
57.399426: 751.0, 537.0, 858.0, 608.0
57.499425: 887.0, 584.0, 989.0, 650.0
57.599424: 980.0, 623.0, 1099.0, 679.0
57.632757: 1029.0, 630.0, 1148.0, 686.0
57.66609: 1071.0, 644.0, 1190.0, 700.0
57.699423: 1113.0, 658.0, 1232.0, 707.0
57.732756: 1148.0, 665.0, 1267.0, 720.0
57.766089: 1190.0, 672.0, 1280.0, 720.0
57.799422: 1225.0, 686.0, 1280.0, 720.0
57.832755: 1267.0, 693.0, 1280.0, 720.0
57.866088: 1267.0, 693.0, 1280.0, 720.0
57.899421: 1267.0, 693.0, 1280.0, 720.0
57.932754: 1267.0, 693.0, 1280.0, 720.0
57.966087: 1267.0, 693.0, 1280.0, 720.0
57.99942: 1267.0, 693.0, 1280.0, 720.0
59.33274: 1232.0, 532.0, 1280.0, 567.0
59.366073: 1211.0, 532.0, 1267.0, 567.0
59.399406: 1190.0, 532.0, 1246.0, 567.0
59.432739: 1169.0, 532.0, 1225.0, 560.0
59.466072: 1148.0, 532.0, 1204.0, 560.0
59.499405: 1127.0, 532.0, 1183.0, 560.0
59.532738: 1106.0, 532.0, 1162.0, 560.0
59.566071: 1085.0, 532.0, 1141.0, 560.0
59.599404: 1064.0, 525.0, 1120.0, 560.0
59.632737: 1043.0, 525.0, 1099.0, 560.0
59.66607: 1022.0, 525.0, 1071.0, 560.0
59.699403: 1001.0, 525.0, 1050.0, 560.0
59.732736: 980.0, 525.0, 1029.0, 560.0
59.766069: 959.0, 525.0, 1008.0, 560.0
59.799402: 931.0, 525.0, 987.0, 560.0
59.832735: 910.0, 525.0, 966.0, 560.0
59.866068: 889.0, 525.0, 945.0, 560.0
59.899401: 868.0, 525.0, 924.0, 560.0
59.932734: 847.0, 525.0, 903.0, 560.0
59.966067: 826.0, 525.0, 882.0, 560.0
59.9994: 805.0, 525.0, 854.0, 560.0
60.032733: 784.0, 525.0, 833.0, 560.0
60.066066: 763.0, 525.0, 812.0, 560.0
60.099399: 742.0, 525.0, 791.0, 560.0
60.132732: 714.0, 525.0, 770.0, 560.0
60.166065: 693.0, 525.0, 749.0, 560.0
60.199398: 672.0, 525.0, 728.0, 560.0
60.232731: 651.0, 525.0, 707.0, 560.0
60.266064: 630.0, 525.0, 686.0, 560.0
60.299397: 609.0, 525.0, 665.0, 560.0
60.33273: 588.0, 525.0, 644.0, 560.0
60.366063: 567.0, 525.0, 623.0, 560.0
60.399396: 553.0, 525.0, 602.0, 560.0
60.432729: 532.0, 525.0, 581.0, 560.0
60.466062: 511.0, 525.0, 567.0, 553.0
60.499395: 490.0, 518.0, 546.0, 553.0
60.532728: 483.0, 518.0, 525.0, 553.0
60.566061: 462.0, 518.0, 504.0, 546.0
60.599394: 448.0, 518.0, 490.0, 546.0
60.632727: 427.0, 511.0, 469.0, 546.0
60.66606: 406.0, 511.0, 455.0, 539.0
60.699393: 392.0, 511.0, 434.0, 539.0
60.732726: 371.0, 511.0, 420.0, 539.0
60.766059: 357.0, 504.0, 406.0, 539.0
60.799392: 343.0, 504.0, 385.0, 539.0
60.832725: 329.0, 504.0, 371.0, 532.0
60.866058: 315.0, 504.0, 357.0, 532.0
60.899391: 301.0, 504.0, 343.0, 532.0
60.932724: 294.0, 497.0, 329.0, 532.0
60.966057: 280.0, 497.0, 322.0, 532.0
60.99939: 266.0, 497.0, 308.0, 532.0
61.032723: 259.0, 497.0, 301.0, 525.0
61.066056: 252.0, 497.0, 294.0, 525.0
61.099389: 252.0, 497.0, 287.0, 525.0
61.132722: 245.0, 497.0, 280.0, 525.0
61.166055: 245.0, 497.0, 280.0, 525.0
61.199388: 238.0, 497.0, 273.0, 525.0
61.232721: 238.0, 497.0, 273.0, 525.0
61.266054: 238.0, 497.0, 280.0, 532.0
61.299387: 245.0, 497.0, 280.0, 532.0
61.33272: 245.0, 497.0, 287.0, 532.0
61.366053: 245.0, 497.0, 294.0, 532.0
61.399386: 252.0, 497.0, 301.0, 539.0
61.432719: 266.0, 504.0, 315.0, 539.0
61.466052: 273.0, 504.0, 322.0, 539.0
61.499385: 287.0, 511.0, 336.0, 546.0
61.532718: 308.0, 511.0, 357.0, 546.0
61.566051: 329.0, 518.0, 378.0, 553.0
61.599384: 343.0, 525.0, 399.0, 560.0
61.632717: 364.0, 532.0, 427.0, 567.0
61.66605: 392.0, 532.0, 455.0, 574.0
61.699383: 427.0, 539.0, 483.0, 581.0
61.732716: 486.0, 555.0, 565.0, 602.0
61.832715: 591.0, 577.0, 656.0, 626.0
61.932714: 712.0, 607.0, 792.0, 651.0
62.032713: 852.0, 636.0, 928.0, 684.0
62.166045: 1033.0, 667.0, 1093.0, 697.0
62.199378: 1080.0, 675.0, 1127.0, 711.0
62.299377: 1210.0, 700.0, 1279.0, 719.0
63.599364: 1232.0, 574.0, 1274.0, 609.0
63.632697: 1211.0, 574.0, 1260.0, 602.0
63.66603: 1190.0, 567.0, 1239.0, 602.0
63.699363: 1169.0, 567.0, 1211.0, 602.0
63.732696: 1148.0, 567.0, 1190.0, 602.0
63.766029: 1120.0, 567.0, 1169.0, 595.0
63.799362: 1099.0, 567.0, 1148.0, 595.0
63.832695: 1078.0, 560.0, 1127.0, 595.0
63.866028: 1057.0, 560.0, 1099.0, 595.0
63.899361: 1029.0, 560.0, 1078.0, 588.0
63.932694: 1008.0, 560.0, 1057.0, 588.0
63.966027: 987.0, 560.0, 1036.0, 588.0
63.99936: 959.0, 560.0, 1008.0, 588.0
64.032693: 938.0, 560.0, 987.0, 588.0
64.066026: 917.0, 553.0, 966.0, 588.0
64.099359: 896.0, 553.0, 945.0, 588.0
64.132692: 875.0, 553.0, 924.0, 588.0
64.166025: 854.0, 553.0, 903.0, 588.0
64.199358: 833.0, 553.0, 882.0, 588.0
64.232691: 812.0, 553.0, 861.0, 588.0
64.266024: 791.0, 553.0, 840.0, 588.0
64.299357: 777.0, 553.0, 819.0, 588.0
64.33269: 763.0, 553.0, 805.0, 588.0
64.366023: 742.0, 553.0, 784.0, 588.0
64.399356: 728.0, 553.0, 770.0, 588.0
64.432689: 721.0, 553.0, 756.0, 588.0
64.466022: 707.0, 553.0, 742.0, 588.0
64.499355: 693.0, 553.0, 735.0, 581.0
64.532688: 686.0, 553.0, 721.0, 581.0
64.566021: 679.0, 553.0, 714.0, 581.0
64.599354: 672.0, 553.0, 700.0, 581.0
64.632687: 665.0, 553.0, 700.0, 581.0
64.66602: 665.0, 553.0, 693.0, 581.0
64.699353: 658.0, 546.0, 686.0, 574.0
64.732686: 658.0, 546.0, 686.0, 574.0
64.766019: 651.0, 546.0, 686.0, 574.0
64.799352: 651.0, 546.0, 679.0, 574.0
64.832685: 651.0, 546.0, 679.0, 574.0
64.866018: 658.0, 546.0, 679.0, 574.0
64.899351: 658.0, 546.0, 686.0, 574.0
64.932684: 658.0, 546.0, 686.0, 574.0
64.966017: 658.0, 546.0, 686.0, 574.0
64.99935: 658.0, 546.0, 693.0, 574.0
65.032683: 665.0, 546.0, 693.0, 574.0
65.066016: 665.0, 546.0, 700.0, 574.0
65.099349: 672.0, 546.0, 700.0, 574.0
65.132682: 679.0, 546.0, 707.0, 574.0
65.166015: 679.0, 546.0, 714.0, 574.0
65.199348: 686.0, 546.0, 721.0, 574.0
65.232681: 693.0, 546.0, 721.0, 574.0
65.266014: 700.0, 546.0, 728.0, 574.0
65.299347: 707.0, 546.0, 735.0, 574.0
65.33268: 714.0, 546.0, 742.0, 574.0
65.366013: 721.0, 546.0, 749.0, 574.0
65.399346: 728.0, 546.0, 756.0, 574.0
65.432679: 735.0, 546.0, 770.0, 581.0
65.466012: 742.0, 546.0, 777.0, 581.0
65.499345: 749.0, 546.0, 784.0, 581.0
65.532678: 756.0, 553.0, 791.0, 581.0
65.566011: 770.0, 553.0, 805.0, 581.0
65.599344: 777.0, 553.0, 812.0, 581.0
65.632677: 791.0, 553.0, 826.0, 581.0
65.66601: 798.0, 553.0, 840.0, 581.0
65.699343: 812.0, 553.0, 847.0, 581.0
65.732676: 819.0, 553.0, 861.0, 581.0
65.766009: 833.0, 553.0, 875.0, 581.0
65.799342: 847.0, 553.0, 882.0, 581.0
65.832675: 861.0, 553.0, 896.0, 588.0
65.866008: 875.0, 553.0, 910.0, 588.0
65.899341: 889.0, 553.0, 924.0, 588.0
65.932674: 903.0, 553.0, 938.0, 588.0
65.966007: 917.0, 553.0, 959.0, 588.0
65.99934: 931.0, 553.0, 966.0, 588.0
66.032673: 945.0, 560.0, 987.0, 588.0
66.066006: 959.0, 560.0, 1008.0, 588.0
66.099339: 980.0, 560.0, 1022.0, 588.0
66.132672: 1001.0, 560.0, 1043.0, 588.0
66.166005: 1015.0, 560.0, 1057.0, 588.0
66.199338: 1036.0, 560.0, 1078.0, 588.0
66.232671: 1050.0, 560.0, 1099.0, 588.0
66.266004: 1071.0, 560.0, 1120.0, 588.0
66.299337: 1092.0, 560.0, 1141.0, 588.0
66.33267: 1113.0, 560.0, 1162.0, 588.0
66.366003: 1134.0, 560.0, 1183.0, 588.0
66.399336: 1155.0, 560.0, 1204.0, 588.0
66.432669: 1176.0, 560.0, 1225.0, 588.0
66.466002: 1204.0, 560.0, 1253.0, 588.0
66.499335: 1225.0, 560.0, 1274.0, 588.0
66.532668: 1190.0, 546.0, 1280.0, 595.0
66.566001: 1190.0, 546.0, 1280.0, 595.0
66.599334: 1190.0, 546.0, 1280.0, 595.0
66.632667: 1190.0, 546.0, 1280.0, 595.0
66.666: 1190.0, 546.0, 1280.0, 595.0
66.699333: 1190.0, 546.0, 1280.0, 595.0
69.099309: 1239.0, 588.0, 1280.0, 616.0
69.132642: 1218.0, 588.0, 1260.0, 616.0
69.165975: 1197.0, 588.0, 1239.0, 616.0
69.199308: 1176.0, 581.0, 1218.0, 609.0
69.232641: 1155.0, 581.0, 1197.0, 609.0
69.265974: 1127.0, 581.0, 1176.0, 609.0
69.299307: 1106.0, 581.0, 1155.0, 602.0
69.33264: 1085.0, 574.0, 1127.0, 602.0
69.365973: 1064.0, 574.0, 1106.0, 602.0
69.399306: 1043.0, 567.0, 1085.0, 595.0
69.432639: 1022.0, 567.0, 1064.0, 595.0
69.465972: 1001.0, 567.0, 1043.0, 595.0
69.499305: 980.0, 560.0, 1022.0, 588.0
69.532638: 959.0, 560.0, 1001.0, 588.0
69.565971: 931.0, 553.0, 966.0, 581.0
69.599304: 910.0, 553.0, 959.0, 581.0
69.632637: 889.0, 546.0, 938.0, 581.0
69.66597: 875.0, 546.0, 917.0, 574.0
69.699303: 854.0, 546.0, 896.0, 574.0
69.732636: 833.0, 539.0, 875.0, 567.0
69.765969: 812.0, 539.0, 854.0, 567.0
69.799302: 791.0, 539.0, 833.0, 567.0
69.832635: 770.0, 532.0, 812.0, 560.0
69.865968: 756.0, 532.0, 798.0, 560.0
69.899301: 735.0, 532.0, 777.0, 560.0
69.932634: 721.0, 525.0, 756.0, 553.0
69.965967: 700.0, 525.0, 742.0, 553.0
69.9993: 686.0, 518.0, 721.0, 553.0
70.032633: 672.0, 518.0, 707.0, 546.0
70.065966: 658.0, 518.0, 693.0, 546.0
70.099299: 644.0, 518.0, 672.0, 546.0
70.132632: 630.0, 511.0, 665.0, 539.0
70.165965: 616.0, 511.0, 651.0, 539.0
70.199298: 609.0, 511.0, 637.0, 539.0
70.232631: 595.0, 511.0, 630.0, 532.0
70.265964: 588.0, 504.0, 616.0, 532.0
70.299297: 581.0, 504.0, 609.0, 532.0
70.33263: 574.0, 504.0, 602.0, 532.0
70.365963: 574.0, 504.0, 595.0, 525.0
70.399296: 567.0, 504.0, 588.0, 525.0
70.432629: 567.0, 504.0, 581.0, 525.0
70.465962: 567.0, 504.0, 581.0, 518.0
70.499295: 560.0, 504.0, 581.0, 518.0
70.532628: 560.0, 504.0, 581.0, 518.0
70.565961: 560.0, 504.0, 581.0, 518.0
70.599294: 560.0, 504.0, 581.0, 518.0
70.632627: 560.0, 504.0, 581.0, 525.0
70.66596: 560.0, 497.0, 588.0, 525.0
70.699293: 560.0, 504.0, 588.0, 525.0
70.732626: 567.0, 504.0, 588.0, 525.0
70.765959: 567.0, 504.0, 595.0, 525.0
70.799292: 574.0, 504.0, 595.0, 525.0
70.832625: 581.0, 511.0, 595.0, 525.0
70.865958: 581.0, 511.0, 595.0, 525.0
70.932624: 598.0, 513.0, 623.0, 529.0
71.099289: 625.0, 519.0, 655.0, 534.0
71.265954: 666.0, 519.0, 704.0, 545.0
71.465952: 733.0, 530.0, 765.0, 546.0
71.632617: 797.0, 532.0, 830.0, 543.0
71.732616: 822, 531, 852, 544
71.832615: 863, 531, 893, 542
71.965947: 917, 528, 949, 543
72.065946: 969, 526, 996, 537
72.165945: 1011, 524, 1041, 536
72.232611: 1038, 524, 1074, 535
72.299277: 1079, 524, 1110, 536
72.365943: 1107, 517, 1152, 536
72.499275: 1177, 510, 1213, 525
72.599274: 1237, 503, 1265, 520
72.66594: 1271, 505, 1283, 519
74.99925: 1239.0, 469.0, 1280.0, 497.0
75.032583: 1211.0, 469.0, 1267.0, 504.0
75.065916: 1176.0, 476.0, 1239.0, 504.0
75.099249: 1148.0, 476.0, 1211.0, 511.0
75.132582: 1113.0, 483.0, 1176.0, 511.0
75.165915: 1085.0, 483.0, 1148.0, 518.0
75.199248: 1050.0, 490.0, 1113.0, 518.0
75.232581: 1022.0, 490.0, 1085.0, 525.0
75.265914: 987.0, 497.0, 1050.0, 532.0
75.299247: 959.0, 497.0, 1022.0, 532.0
75.33258: 924.0, 504.0, 987.0, 539.0
75.365913: 889.0, 504.0, 959.0, 546.0
75.399246: 861.0, 511.0, 931.0, 546.0
75.432579: 833.0, 511.0, 896.0, 553.0
75.465912: 798.0, 518.0, 868.0, 553.0
75.499245: 770.0, 518.0, 840.0, 560.0
75.532578: 742.0, 525.0, 805.0, 560.0
75.565911: 714.0, 525.0, 777.0, 567.0
75.599244: 686.0, 532.0, 749.0, 567.0
75.632577: 665.0, 532.0, 721.0, 574.0
75.66591: 637.0, 539.0, 700.0, 574.0
75.699243: 616.0, 539.0, 672.0, 581.0
75.732576: 595.0, 539.0, 651.0, 581.0
75.765909: 574.0, 546.0, 630.0, 581.0
75.799242: 553.0, 546.0, 609.0, 588.0
75.832575: 539.0, 546.0, 588.0, 588.0
75.865908: 518.0, 553.0, 574.0, 588.0
75.899241: 511.0, 553.0, 560.0, 595.0
75.932574: 497.0, 553.0, 546.0, 595.0
75.965907: 490.0, 553.0, 532.0, 595.0
75.99924: 483.0, 560.0, 525.0, 595.0
76.032573: 476.0, 560.0, 518.0, 595.0
76.065906: 476.0, 560.0, 511.0, 595.0
76.099239: 476.0, 567.0, 504.0, 595.0
76.132572: 476.0, 567.0, 504.0, 595.0
76.165905: 476.0, 567.0, 511.0, 602.0
76.199238: 476.0, 567.0, 518.0, 602.0
76.232571: 476.0, 567.0, 518.0, 602.0
76.265904: 483.0, 574.0, 525.0, 609.0
76.299237: 490.0, 574.0, 532.0, 609.0
76.33257: 497.0, 581.0, 539.0, 616.0
76.365903: 504.0, 581.0, 553.0, 623.0
76.399236: 511.0, 588.0, 560.0, 630.0
76.432569: 525.0, 595.0, 574.0, 637.0
76.465902: 532.0, 602.0, 581.0, 637.0
76.499235: 546.0, 609.0, 588.0, 644.0
76.532568: 560.0, 616.0, 602.0, 658.0
76.565901: 574.0, 630.0, 616.0, 665.0
76.599234: 588.0, 637.0, 637.0, 672.0
76.632567: 602.0, 644.0, 651.0, 679.0
76.6659: 623.0, 651.0, 665.0, 693.0
76.699233: 637.0, 665.0, 686.0, 700.0
76.732566: 658.0, 672.0, 700.0, 707.0
76.765899: 672.0, 679.0, 721.0, 714.0
76.799232: 693.0, 686.0, 742.0, 720.0
76.832565: 714.0, 693.0, 763.0, 720.0
76.865898: 735.0, 700.0, 784.0, 720.0
76.899231: 756.0, 707.0, 798.0, 720.0
76.932564: 756.0, 707.0, 798.0, 720.0
76.965897: 756.0, 707.0, 798.0, 720.0
76.99923: 756.0, 707.0, 798.0, 720.0
77.032563: 756.0, 707.0, 798.0, 720.0
77.065896: 756.0, 707.0, 798.0, 720.0
77.432559: 1144.0, 706.0, 1194.0, 724.0
77.532558: 1208, 700, 1253, 718
77.632557: 1263, 690, 1287, 707
79.33254: 1253.0, 504.0, 1280.0, 532.0
79.365873: 1239.0, 504.0, 1280.0, 532.0
79.399206: 1225.0, 504.0, 1267.0, 532.0
79.432539: 1211.0, 504.0, 1253.0, 532.0
79.465872: 1197.0, 504.0, 1239.0, 532.0
79.499205: 1183.0, 504.0, 1225.0, 532.0
79.532538: 1169.0, 504.0, 1211.0, 532.0
79.565871: 1155.0, 504.0, 1197.0, 532.0
79.599204: 1141.0, 504.0, 1183.0, 532.0
79.632537: 1127.0, 504.0, 1169.0, 532.0
79.66587: 1113.0, 504.0, 1155.0, 532.0
79.699203: 1099.0, 504.0, 1141.0, 532.0
79.732536: 1085.0, 504.0, 1127.0, 532.0
79.765869: 1071.0, 504.0, 1113.0, 532.0
79.799202: 1057.0, 504.0, 1099.0, 532.0
79.832535: 1043.0, 504.0, 1085.0, 532.0
79.865868: 1029.0, 504.0, 1071.0, 532.0
79.899201: 1015.0, 497.0, 1057.0, 525.0
79.932534: 1001.0, 497.0, 1043.0, 525.0
79.965867: 987.0, 497.0, 1029.0, 525.0
79.9992: 973.0, 497.0, 1015.0, 525.0
80.032533: 959.0, 497.0, 1001.0, 525.0
80.065866: 952.0, 490.0, 994.0, 518.0
80.099199: 938.0, 490.0, 980.0, 518.0
80.132532: 924.0, 490.0, 966.0, 518.0
80.165865: 910.0, 490.0, 952.0, 518.0
80.199198: 896.0, 490.0, 938.0, 518.0
80.232531: 889.0, 483.0, 931.0, 518.0
80.265864: 875.0, 483.0, 917.0, 511.0
80.299197: 861.0, 483.0, 903.0, 511.0
80.33253: 854.0, 483.0, 896.0, 511.0
80.365863: 840.0, 476.0, 882.0, 511.0
80.399196: 826.0, 476.0, 868.0, 504.0
80.432529: 819.0, 476.0, 861.0, 504.0
80.465862: 812.0, 469.0, 854.0, 504.0
80.499195: 798.0, 469.0, 840.0, 497.0
80.532528: 791.0, 469.0, 833.0, 497.0
80.565861: 784.0, 462.0, 826.0, 497.0
80.599194: 770.0, 462.0, 812.0, 490.0
80.632527: 763.0, 462.0, 805.0, 490.0
80.66586: 756.0, 455.0, 798.0, 483.0
80.699193: 749.0, 455.0, 791.0, 483.0
80.732526: 742.0, 448.0, 784.0, 476.0
80.765859: 742.0, 448.0, 777.0, 476.0
80.799192: 735.0, 441.0, 770.0, 469.0
80.832525: 728.0, 441.0, 763.0, 469.0
80.865858: 721.0, 434.0, 763.0, 462.0
80.899191: 714.0, 434.0, 756.0, 462.0
80.932524: 707.0, 427.0, 749.0, 455.0
80.965857: 707.0, 420.0, 742.0, 455.0
80.99919: 700.0, 420.0, 742.0, 448.0
81.032523: 700.0, 413.0, 735.0, 448.0
81.065856: 693.0, 413.0, 735.0, 441.0
81.099189: 686.0, 406.0, 728.0, 441.0
81.132522: 686.0, 406.0, 721.0, 434.0
81.165855: 679.0, 406.0, 721.0, 434.0
81.199188: 679.0, 399.0, 714.0, 427.0
81.232521: 672.0, 399.0, 714.0, 427.0
81.265854: 672.0, 399.0, 714.0, 427.0
81.299187: 672.0, 399.0, 707.0, 427.0
81.33252: 672.0, 399.0, 707.0, 427.0
81.365853: 665.0, 399.0, 707.0, 427.0
81.399186: 665.0, 399.0, 700.0, 427.0
81.432519: 665.0, 399.0, 700.0, 427.0
81.465852: 665.0, 399.0, 700.0, 427.0
81.499185: 665.0, 399.0, 700.0, 427.0
81.532518: 665.0, 399.0, 700.0, 434.0
81.565851: 665.0, 406.0, 700.0, 434.0
81.599184: 665.0, 406.0, 700.0, 434.0
81.632517: 665.0, 406.0, 700.0, 441.0
81.66585: 665.0, 413.0, 700.0, 441.0
81.699183: 665.0, 413.0, 707.0, 441.0
81.732516: 665.0, 413.0, 707.0, 448.0
81.765849: 665.0, 420.0, 707.0, 455.0
81.799182: 672.0, 420.0, 714.0, 455.0
81.832515: 672.0, 427.0, 714.0, 462.0
81.865848: 672.0, 434.0, 714.0, 469.0
81.899181: 679.0, 434.0, 721.0, 469.0
81.932514: 679.0, 441.0, 728.0, 476.0
81.965847: 686.0, 448.0, 728.0, 483.0
81.99918: 693.0, 455.0, 735.0, 490.0
82.032513: 693.0, 455.0, 742.0, 490.0
82.065846: 700.0, 462.0, 749.0, 497.0
82.099179: 707.0, 469.0, 756.0, 504.0
82.132512: 714.0, 476.0, 763.0, 511.0
82.165845: 721.0, 483.0, 770.0, 518.0
82.199178: 728.0, 483.0, 784.0, 518.0
82.232511: 735.0, 490.0, 791.0, 525.0
82.265844: 749.0, 497.0, 798.0, 532.0
82.299177: 756.0, 504.0, 812.0, 539.0
82.33251: 763.0, 504.0, 819.0, 539.0
82.365843: 777.0, 511.0, 833.0, 546.0
82.399176: 784.0, 518.0, 840.0, 553.0
82.432509: 798.0, 518.0, 854.0, 560.0
82.465842: 805.0, 525.0, 868.0, 560.0
82.499175: 819.0, 525.0, 882.0, 567.0
82.532508: 833.0, 532.0, 896.0, 567.0
82.565841: 847.0, 532.0, 910.0, 574.0
82.599174: 861.0, 539.0, 924.0, 574.0
82.632507: 875.0, 539.0, 938.0, 581.0
82.66584: 889.0, 546.0, 952.0, 581.0
82.699173: 903.0, 546.0, 966.0, 588.0
82.732506: 917.0, 553.0, 980.0, 588.0
82.765839: 938.0, 553.0, 994.0, 588.0
82.799172: 952.0, 553.0, 1008.0, 595.0
82.832505: 966.0, 560.0, 1029.0, 595.0
82.865838: 987.0, 567.0, 1043.0, 595.0
82.899171: 1001.0, 567.0, 1057.0, 602.0
82.932504: 1015.0, 567.0, 1071.0, 602.0
82.965837: 1029.0, 567.0, 1092.0, 602.0
82.99917: 1043.0, 574.0, 1106.0, 609.0
83.032503: 1057.0, 574.0, 1120.0, 609.0
83.065836: 1078.0, 574.0, 1134.0, 609.0
83.099169: 1092.0, 574.0, 1148.0, 609.0
83.132502: 1099.0, 574.0, 1162.0, 609.0
83.165835: 1113.0, 574.0, 1176.0, 616.0
83.199168: 1127.0, 581.0, 1190.0, 616.0
83.232501: 1141.0, 581.0, 1197.0, 616.0
83.265834: 1148.0, 581.0, 1204.0, 616.0
83.299167: 1162.0, 581.0, 1218.0, 616.0
83.3325: 1169.0, 581.0, 1225.0, 616.0
83.365833: 1183.0, 581.0, 1232.0, 616.0
83.399166: 1190.0, 581.0, 1239.0, 616.0
83.432499: 1190.0, 581.0, 1239.0, 616.0
83.465832: 1197.0, 581.0, 1246.0, 616.0
83.499165: 1204.0, 581.0, 1246.0, 616.0
83.532498: 1211.0, 581.0, 1246.0, 616.0
83.565831: 1211.0, 581.0, 1246.0, 609.0
83.599164: 1204.0, 581.0, 1253.0, 623.0
83.632497: 1197.0, 581.0, 1246.0, 623.0
83.66583: 1176.0, 588.0, 1239.0, 623.0
83.699163: 1169.0, 588.0, 1232.0, 630.0
83.732496: 1155.0, 588.0, 1225.0, 630.0
83.765829: 1141.0, 588.0, 1211.0, 630.0
83.799162: 1127.0, 588.0, 1197.0, 637.0
83.832495: 1113.0, 595.0, 1183.0, 637.0
83.865828: 1099.0, 595.0, 1169.0, 637.0
83.899161: 1071.0, 595.0, 1155.0, 644.0
83.932494: 1057.0, 595.0, 1134.0, 644.0
83.965827: 1022.0, 602.0, 1120.0, 651.0
83.99916: 1001.0, 602.0, 1099.0, 651.0
84.032493: 994.0, 609.0, 1078.0, 658.0
84.065826: 994.0, 609.0, 1078.0, 658.0
84.199158: 860, 639, 936, 673
84.265824: 805, 653, 884, 687
84.365823: 737, 681, 798, 706
84.465822: 655.0, 701.0, 723.0, 726.0
85.632477: 728, 688, 777, 709
85.732476: 773, 670, 820, 692
85.799142: 813, 664, 856, 682
85.899141: 861.0, 630.0, 903.0, 679.0
85.932474: 875.0, 630.0, 917.0, 679.0
85.965807: 889.0, 630.0, 938.0, 672.0
85.99914: 889.0, 630.0, 966.0, 672.0
86.032473: 903.0, 623.0, 973.0, 665.0
86.065806: 938.0, 630.0, 987.0, 665.0
86.099139: 959.0, 630.0, 1001.0, 665.0
86.132472: 973.0, 630.0, 1022.0, 658.0
86.165805: 994.0, 623.0, 1043.0, 658.0
86.199138: 1008.0, 623.0, 1064.0, 651.0
86.232471: 1022.0, 616.0, 1078.0, 651.0
86.265804: 1043.0, 616.0, 1099.0, 651.0
86.299137: 1064.0, 609.0, 1113.0, 644.0
86.33247: 1078.0, 609.0, 1134.0, 637.0
86.365803: 1099.0, 602.0, 1155.0, 637.0
86.399136: 1113.0, 602.0, 1169.0, 637.0
86.432469: 1134.0, 595.0, 1190.0, 630.0
86.465802: 1148.0, 595.0, 1204.0, 630.0
86.499135: 1169.0, 595.0, 1225.0, 623.0
86.532468: 1190.0, 588.0, 1246.0, 623.0
86.565801: 1204.0, 588.0, 1260.0, 623.0
86.599134: 1225.0, 588.0, 1280.0, 616.0
86.632467: 1246.0, 581.0, 1280.0, 616.0
86.6658: 1260.0, 581.0, 1280.0, 609.0
86.699133: 1260.0, 581.0, 1280.0, 609.0
86.732466: 1260.0, 581.0, 1280.0, 609.0
86.765799: 1260.0, 581.0, 1280.0, 609.0
86.799132: 1260.0, 581.0, 1280.0, 609.0
86.832465: 1260.0, 581.0, 1280.0, 609.0
89.032443: 1246.0, 490.0, 1280.0, 518.0
89.065776: 1232.0, 490.0, 1274.0, 518.0
89.099109: 1218.0, 497.0, 1260.0, 525.0
89.132442: 1204.0, 497.0, 1239.0, 525.0
89.165775: 1183.0, 497.0, 1225.0, 532.0
89.199108: 1169.0, 504.0, 1211.0, 532.0
89.232441: 1155.0, 504.0, 1197.0, 532.0
89.265774: 1141.0, 511.0, 1176.0, 539.0
89.299107: 1120.0, 511.0, 1162.0, 539.0
89.33244: 1106.0, 518.0, 1148.0, 546.0
89.365773: 1085.0, 518.0, 1127.0, 546.0
89.399106: 1071.0, 525.0, 1113.0, 553.0
89.432439: 1057.0, 525.0, 1099.0, 553.0
89.465772: 1036.0, 525.0, 1078.0, 560.0
89.499105: 1022.0, 532.0, 1064.0, 560.0
89.532438: 1001.0, 532.0, 1043.0, 560.0
89.565771: 987.0, 539.0, 1029.0, 567.0
89.599104: 966.0, 539.0, 1008.0, 567.0
89.632437: 952.0, 539.0, 994.0, 567.0
89.66577: 931.0, 539.0, 973.0, 567.0
89.699103: 910.0, 539.0, 959.0, 574.0
89.732436: 896.0, 539.0, 938.0, 574.0
89.765769: 875.0, 546.0, 924.0, 574.0
89.799102: 861.0, 546.0, 910.0, 574.0
89.832435: 840.0, 546.0, 889.0, 574.0
89.865768: 826.0, 546.0, 875.0, 574.0
89.899101: 812.0, 546.0, 854.0, 574.0
89.932434: 791.0, 546.0, 840.0, 581.0
89.965767: 777.0, 546.0, 826.0, 581.0
89.9991: 763.0, 546.0, 805.0, 581.0
90.032433: 749.0, 546.0, 791.0, 581.0
90.065766: 728.0, 553.0, 777.0, 581.0
90.099099: 714.0, 553.0, 763.0, 581.0
90.132432: 700.0, 553.0, 749.0, 581.0
90.165765: 686.0, 553.0, 735.0, 581.0
90.199098: 679.0, 553.0, 721.0, 581.0
90.232431: 665.0, 553.0, 707.0, 581.0
90.265764: 651.0, 553.0, 693.0, 588.0
90.299097: 644.0, 553.0, 686.0, 588.0
90.33243: 630.0, 553.0, 672.0, 588.0
90.365763: 623.0, 553.0, 665.0, 588.0
90.399096: 616.0, 553.0, 651.0, 588.0
90.432429: 602.0, 560.0, 644.0, 588.0
90.465762: 595.0, 560.0, 637.0, 588.0
90.499095: 595.0, 560.0, 630.0, 588.0
90.532428: 588.0, 560.0, 623.0, 588.0
90.565761: 581.0, 560.0, 623.0, 588.0
90.599094: 581.0, 560.0, 616.0, 588.0
90.632427: 581.0, 560.0, 616.0, 588.0
90.66576: 574.0, 560.0, 609.0, 588.0
90.699093: 581.0, 560.0, 609.0, 588.0
90.732426: 581.0, 560.0, 609.0, 588.0
90.765759: 581.0, 553.0, 616.0, 581.0
90.799092: 581.0, 553.0, 616.0, 581.0
90.832425: 581.0, 553.0, 616.0, 581.0
90.865758: 588.0, 553.0, 623.0, 581.0
90.899091: 588.0, 553.0, 630.0, 581.0
90.932424: 595.0, 553.0, 630.0, 581.0
90.965757: 602.0, 553.0, 637.0, 581.0
90.99909: 609.0, 553.0, 644.0, 581.0
91.032423: 616.0, 553.0, 651.0, 581.0
91.065756: 623.0, 553.0, 665.0, 581.0
91.099089: 630.0, 553.0, 672.0, 581.0
91.132422: 637.0, 553.0, 679.0, 588.0
91.165755: 644.0, 553.0, 686.0, 588.0
91.199088: 658.0, 553.0, 700.0, 588.0
91.232421: 665.0, 560.0, 707.0, 588.0
91.265754: 672.0, 560.0, 721.0, 588.0
91.299087: 686.0, 560.0, 735.0, 595.0
91.33242: 700.0, 560.0, 749.0, 595.0
91.365753: 714.0, 560.0, 756.0, 595.0
91.399086: 721.0, 567.0, 770.0, 595.0
91.432419: 735.0, 567.0, 784.0, 602.0
91.465752: 749.0, 567.0, 798.0, 602.0
91.499085: 763.0, 574.0, 812.0, 609.0
91.532418: 777.0, 574.0, 826.0, 609.0
91.565751: 791.0, 581.0, 840.0, 616.0
91.599084: 805.0, 581.0, 854.0, 616.0
91.632417: 819.0, 588.0, 868.0, 623.0
91.66575: 833.0, 588.0, 882.0, 623.0
91.699083: 847.0, 595.0, 917.0, 644.0
91.732416: 861.0, 595.0, 910.0, 644.0
91.765749: 875.0, 602.0, 924.0, 651.0
91.799082: 882.0, 609.0, 938.0, 651.0
91.832415: 882.0, 616.0, 952.0, 651.0
91.865748: 882.0, 616.0, 952.0, 651.0
91.899081: 931.0, 623.0, 980.0, 658.0
91.932414: 945.0, 630.0, 987.0, 658.0
91.965747: 959.0, 637.0, 1001.0, 665.0
91.99908: 966.0, 644.0, 1015.0, 672.0
92.032413: 980.0, 651.0, 1022.0, 679.0
92.065746: 994.0, 651.0, 1036.0, 686.0
92.099079: 1001.0, 658.0, 1043.0, 693.0
92.132412: 1008.0, 665.0, 1057.0, 700.0
92.165745: 1022.0, 672.0, 1064.0, 707.0
92.199078: 1029.0, 679.0, 1071.0, 714.0
92.232411: 1036.0, 686.0, 1078.0, 720.0
92.265744: 1043.0, 693.0, 1085.0, 720.0
92.299077: 1057.0, 700.0, 1092.0, 720.0
92.33241: 1064.0, 707.0, 1099.0, 720.0
92.365743: 1064.0, 707.0, 1099.0, 720.0
92.399076: 1064.0, 707.0, 1099.0, 720.0
92.432409: 1064.0, 707.0, 1099.0, 720.0
92.465742: 1064.0, 707.0, 1099.0, 720.0
92.499075: 1064.0, 707.0, 1099.0, 720.0
93.3324: 399.0, 686.0, 490.0, 720.0
93.365733: 364.0, 679.0, 448.0, 720.0
93.399066: 322.0, 665.0, 420.0, 714.0
93.432399: 287.0, 644.0, 385.0, 700.0
93.465732: 259.0, 637.0, 343.0, 686.0
93.499065: 231.0, 623.0, 308.0, 672.0
93.532398: 203.0, 616.0, 280.0, 665.0
93.565731: 175.0, 609.0, 252.0, 651.0
93.599064: 161.0, 602.0, 231.0, 644.0
93.632397: 147.0, 588.0, 203.0, 637.0
93.66573: 126.0, 581.0, 182.0, 630.0
93.699063: 105.0, 574.0, 161.0, 616.0
93.732396: 91.0, 567.0, 140.0, 609.0
93.765729: 77.0, 567.0, 126.0, 609.0
93.799062: 63.0, 560.0, 112.0, 602.0
93.832395: 49.0, 560.0, 98.0, 595.0
93.865728: 42.0, 553.0, 84.0, 588.0
93.899061: 35.0, 546.0, 77.0, 588.0
93.932394: 28.0, 546.0, 70.0, 581.0
93.965727: 21.0, 546.0, 63.0, 574.0
93.99906: 21.0, 546.0, 56.0, 574.0
94.032393: 14.0, 539.0, 56.0, 574.0
94.065726: 21.0, 539.0, 56.0, 567.0
94.099059: 21.0, 539.0, 56.0, 567.0
94.132392: 28.0, 532.0, 63.0, 567.0
94.165725: 35.0, 532.0, 70.0, 560.0
94.199058: 42.0, 525.0, 77.0, 560.0
94.232391: 49.0, 525.0, 84.0, 553.0
94.265724: 56.0, 525.0, 98.0, 553.0
94.299057: 70.0, 518.0, 105.0, 553.0
94.33239: 77.0, 518.0, 119.0, 546.0
94.365723: 91.0, 511.0, 133.0, 539.0
94.399056: 105.0, 504.0, 154.0, 539.0
94.432389: 119.0, 504.0, 168.0, 532.0
94.465722: 133.0, 497.0, 189.0, 532.0
94.499055: 154.0, 497.0, 210.0, 525.0
94.532388: 168.0, 490.0, 224.0, 518.0
94.565721: 189.0, 483.0, 238.0, 518.0
94.599054: 203.0, 483.0, 259.0, 511.0
94.632387: 224.0, 476.0, 280.0, 504.0
94.66572: 238.0, 469.0, 301.0, 504.0
94.699053: 259.0, 462.0, 315.0, 497.0
94.732386: 273.0, 462.0, 336.0, 490.0
94.765719: 301.0, 455.0, 357.0, 490.0
94.799052: 322.0, 448.0, 378.0, 483.0
94.832385: 343.0, 448.0, 399.0, 476.0
94.865718: 357.0, 441.0, 420.0, 469.0
94.899051: 378.0, 434.0, 441.0, 469.0
94.932384: 399.0, 427.0, 455.0, 462.0
94.965717: 427.0, 427.0, 483.0, 455.0
94.99905: 441.0, 420.0, 504.0, 455.0
95.032383: 462.0, 413.0, 525.0, 448.0
95.065716: 483.0, 413.0, 539.0, 448.0
95.099049: 504.0, 406.0, 567.0, 441.0
95.132382: 525.0, 406.0, 581.0, 441.0
95.165715: 539.0, 406.0, 602.0, 441.0
95.199048: 560.0, 399.0, 623.0, 434.0
95.232381: 581.0, 399.0, 637.0, 434.0
95.265714: 602.0, 399.0, 658.0, 434.0
95.299047: 616.0, 406.0, 679.0, 434.0
95.33238: 637.0, 406.0, 700.0, 441.0
95.365713: 658.0, 406.0, 721.0, 441.0
95.399046: 679.0, 406.0, 735.0, 448.0
95.432379: 700.0, 413.0, 756.0, 448.0
95.465712: 721.0, 413.0, 777.0, 455.0
95.499045: 742.0, 420.0, 805.0, 462.0
95.532378: 763.0, 427.0, 826.0, 462.0
95.565711: 784.0, 427.0, 847.0, 469.0
95.599044: 805.0, 434.0, 868.0, 476.0
95.632377: 826.0, 441.0, 889.0, 483.0
95.66571: 847.0, 448.0, 917.0, 490.0
95.699043: 875.0, 455.0, 938.0, 497.0
95.732376: 896.0, 462.0, 966.0, 504.0
95.765709: 924.0, 476.0, 994.0, 511.0
95.799042: 952.0, 483.0, 1015.0, 525.0
95.832375: 980.0, 490.0, 1043.0, 532.0
95.865708: 1008.0, 497.0, 1071.0, 539.0
95.899041: 1036.0, 504.0, 1106.0, 546.0
95.932374: 1064.0, 511.0, 1134.0, 553.0
95.965707: 1099.0, 525.0, 1169.0, 560.0
95.99904: 1127.0, 532.0, 1197.0, 574.0
96.032373: 1162.0, 539.0, 1239.0, 581.0
96.065706: 1197.0, 546.0, 1274.0, 588.0
96.099039: 1232.0, 553.0, 1280.0, 588.0
96.132372: 1267.0, 567.0, 1280.0, 588.0
96.165705: 1267.0, 567.0, 1280.0, 588.0
96.199038: 1267.0, 567.0, 1280.0, 588.0
96.232371: 1267.0, 567.0, 1280.0, 588.0
96.265704: 1267.0, 567.0, 1280.0, 588.0
96.299037: 1267.0, 567.0, 1280.0, 588.0
98.732346: 1239.0, 406.0, 1280.0, 434.0
98.765679: 1211.0, 406.0, 1267.0, 434.0
98.799012: 1190.0, 406.0, 1246.0, 441.0
98.832345: 1162.0, 413.0, 1225.0, 441.0
98.865678: 1141.0, 413.0, 1197.0, 441.0
98.899011: 1120.0, 413.0, 1176.0, 448.0
98.932344: 1092.0, 420.0, 1155.0, 448.0
98.965677: 1071.0, 420.0, 1127.0, 448.0
98.99901: 1043.0, 420.0, 1106.0, 455.0
99.032343: 1022.0, 427.0, 1078.0, 455.0
99.065676: 1001.0, 427.0, 1057.0, 462.0
99.099009: 973.0, 434.0, 1036.0, 462.0
99.132342: 952.0, 434.0, 1008.0, 469.0
99.165675: 931.0, 441.0, 987.0, 469.0
99.199008: 903.0, 441.0, 966.0, 476.0
99.232341: 882.0, 448.0, 938.0, 483.0
99.265674: 861.0, 448.0, 917.0, 483.0
99.299007: 833.0, 455.0, 896.0, 490.0
99.33234: 812.0, 455.0, 875.0, 490.0
99.365673: 791.0, 462.0, 847.0, 497.0
99.399006: 770.0, 462.0, 826.0, 497.0
99.432339: 749.0, 469.0, 805.0, 504.0
99.465672: 728.0, 469.0, 784.0, 504.0
99.499005: 707.0, 476.0, 763.0, 504.0
99.532338: 686.0, 476.0, 742.0, 511.0
99.565671: 665.0, 476.0, 721.0, 511.0
99.599004: 644.0, 476.0, 707.0, 518.0
99.632337: 630.0, 483.0, 686.0, 518.0
99.66567: 609.0, 483.0, 665.0, 518.0
99.699003: 595.0, 483.0, 651.0, 518.0
99.732336: 574.0, 490.0, 630.0, 518.0
99.765669: 560.0, 490.0, 616.0, 518.0
99.799002: 539.0, 490.0, 595.0, 518.0
99.832335: 525.0, 490.0, 581.0, 518.0
99.865668: 511.0, 490.0, 567.0, 518.0
99.899001: 497.0, 490.0, 553.0, 518.0
99.932334: 483.0, 483.0, 532.0, 518.0
99.965667: 476.0, 483.0, 518.0, 518.0
99.999: 462.0, 483.0, 504.0, 518.0
100.032333: 448.0, 483.0, 490.0, 511.0
100.065666: 441.0, 476.0, 483.0, 511.0
100.098999: 434.0, 476.0, 469.0, 511.0
100.132332: 406.0, 476.0, 462.0, 504.0
100.165665: 399.0, 469.0, 448.0, 504.0
100.198998: 392.0, 469.0, 441.0, 497.0
100.232331: 378.0, 462.0, 427.0, 497.0
100.265664: 371.0, 462.0, 420.0, 490.0
100.298997: 364.0, 455.0, 413.0, 490.0
100.33233: 357.0, 455.0, 399.0, 490.0
100.365663: 343.0, 448.0, 392.0, 483.0
100.398996: 343.0, 448.0, 392.0, 483.0
100.432329: 329.0, 448.0, 385.0, 476.0
100.465662: 329.0, 448.0, 378.0, 476.0
100.498995: 322.0, 448.0, 378.0, 476.0
100.532328: 322.0, 448.0, 371.0, 476.0
100.565661: 322.0, 448.0, 364.0, 476.0
100.598994: 315.0, 448.0, 364.0, 476.0
100.632327: 315.0, 448.0, 357.0, 483.0
100.66566: 315.0, 448.0, 357.0, 483.0
100.698993: 308.0, 455.0, 357.0, 490.0
100.732326: 308.0, 455.0, 357.0, 490.0
100.765659: 308.0, 462.0, 364.0, 497.0
100.798992: 308.0, 462.0, 364.0, 497.0
100.832325: 315.0, 469.0, 371.0, 504.0
100.865658: 315.0, 469.0, 371.0, 504.0
100.898991: 322.0, 469.0, 385.0, 511.0
100.932324: 329.0, 476.0, 392.0, 511.0
100.965657: 343.0, 476.0, 399.0, 511.0
100.99899: 357.0, 476.0, 413.0, 518.0
101.032323: 371.0, 476.0, 427.0, 518.0
101.065656: 385.0, 483.0, 441.0, 518.0
101.098989: 399.0, 483.0, 469.0, 518.0
101.132322: 420.0, 483.0, 483.0, 518.0
101.165655: 441.0, 483.0, 518.0, 518.0
101.198988: 462.0, 483.0, 539.0, 525.0
101.232321: 490.0, 476.0, 567.0, 525.0
101.265654: 511.0, 476.0, 588.0, 525.0
101.298987: 539.0, 476.0, 616.0, 525.0
101.33232: 567.0, 476.0, 644.0, 525.0
101.365653: 595.0, 476.0, 672.0, 525.0
101.398986: 623.0, 476.0, 707.0, 525.0
101.432319: 651.0, 476.0, 735.0, 525.0
101.465652: 679.0, 483.0, 770.0, 525.0
101.498985: 714.0, 483.0, 798.0, 532.0
101.532318: 742.0, 483.0, 833.0, 532.0
101.565651: 777.0, 490.0, 868.0, 539.0
101.598984: 805.0, 490.0, 896.0, 539.0
101.632317: 840.0, 497.0, 931.0, 539.0
101.66565: 868.0, 497.0, 966.0, 546.0
101.698983: 903.0, 504.0, 994.0, 546.0
101.732316: 938.0, 511.0, 1029.0, 553.0
101.765649: 966.0, 511.0, 1050.0, 553.0
101.798982: 1001.0, 511.0, 1085.0, 553.0
101.832315: 1036.0, 518.0, 1120.0, 560.0
101.865648: 1071.0, 525.0, 1148.0, 560.0
101.898981: 1106.0, 525.0, 1176.0, 567.0
101.932314: 1134.0, 525.0, 1211.0, 567.0
101.965647: 1162.0, 532.0, 1239.0, 567.0
101.99898: 1190.0, 532.0, 1260.0, 574.0
102.032313: 1225.0, 532.0, 1280.0, 574.0
102.065646: 1253.0, 539.0, 1280.0, 574.0
102.098979: 1253.0, 539.0, 1280.0, 574.0
102.132312: 1253.0, 539.0, 1280.0, 574.0
102.165645: 1253.0, 539.0, 1280.0, 574.0
102.198978: 1253.0, 539.0, 1280.0, 574.0
102.232311: 1253.0, 539.0, 1280.0, 574.0
103.165635: 1239.0, 462.0, 1280.0, 497.0
103.198968: 1225.0, 462.0, 1280.0, 490.0
103.232301: 1204.0, 455.0, 1260.0, 490.0
103.265634: 1183.0, 455.0, 1239.0, 490.0
103.298967: 1162.0, 448.0, 1225.0, 483.0
103.3323: 1148.0, 448.0, 1204.0, 483.0
103.365633: 1127.0, 441.0, 1190.0, 476.0
103.398966: 1106.0, 441.0, 1169.0, 476.0
103.432299: 1092.0, 441.0, 1148.0, 469.0
103.465632: 1071.0, 434.0, 1127.0, 469.0
103.498965: 1057.0, 434.0, 1113.0, 462.0
103.532298: 1036.0, 427.0, 1092.0, 462.0
103.565631: 1022.0, 427.0, 1078.0, 462.0
103.598964: 1001.0, 427.0, 1057.0, 462.0
103.632297: 987.0, 427.0, 1043.0, 455.0
103.66563: 973.0, 420.0, 1029.0, 455.0
103.698963: 952.0, 420.0, 1008.0, 455.0
103.732296: 938.0, 420.0, 994.0, 455.0
103.765629: 924.0, 420.0, 980.0, 455.0
103.798962: 910.0, 420.0, 966.0, 455.0
103.832295: 896.0, 420.0, 952.0, 455.0
103.865628: 882.0, 413.0, 938.0, 448.0
103.898961: 868.0, 413.0, 924.0, 448.0
103.932294: 854.0, 413.0, 910.0, 448.0
103.965627: 847.0, 413.0, 896.0, 455.0
103.99896: 833.0, 413.0, 889.0, 448.0
104.032293: 819.0, 413.0, 875.0, 455.0
104.065626: 812.0, 413.0, 861.0, 455.0
104.098959: 805.0, 413.0, 854.0, 455.0
104.132292: 791.0, 413.0, 847.0, 455.0
104.165625: 784.0, 413.0, 833.0, 455.0
104.198958: 777.0, 420.0, 826.0, 455.0
104.232291: 770.0, 420.0, 819.0, 455.0
104.265624: 763.0, 420.0, 812.0, 455.0
104.298957: 756.0, 420.0, 805.0, 455.0
104.33229: 749.0, 420.0, 798.0, 455.0
104.365623: 742.0, 420.0, 798.0, 455.0
104.398956: 742.0, 420.0, 791.0, 455.0
104.432289: 735.0, 420.0, 784.0, 455.0
104.465622: 735.0, 420.0, 784.0, 455.0
104.498955: 728.0, 420.0, 777.0, 455.0
104.532288: 728.0, 420.0, 777.0, 455.0
104.565621: 721.0, 420.0, 770.0, 455.0
104.598954: 721.0, 420.0, 770.0, 455.0
104.632287: 714.0, 420.0, 770.0, 455.0
104.66562: 714.0, 413.0, 763.0, 448.0
104.698953: 714.0, 413.0, 763.0, 448.0
104.732286: 707.0, 406.0, 763.0, 441.0
104.765619: 707.0, 399.0, 763.0, 441.0
104.798952: 700.0, 392.0, 756.0, 434.0
104.832285: 700.0, 385.0, 756.0, 427.0
104.865618: 700.0, 371.0, 756.0, 413.0
104.898951: 700.0, 357.0, 756.0, 406.0
104.932284: 700.0, 336.0, 756.0, 385.0
104.965617: 693.0, 315.0, 756.0, 371.0
104.99895: 700.0, 294.0, 756.0, 350.0
105.032283: 700.0, 266.0, 756.0, 322.0
105.065616: 700.0, 231.0, 763.0, 294.0
105.098949: 700.0, 203.0, 763.0, 266.0
105.132282: 693.0, 168.0, 763.0, 238.0
105.165615: 693.0, 133.0, 763.0, 203.0
105.198948: 693.0, 98.0, 763.0, 161.0
105.232281: 693.0, 63.0, 763.0, 126.0
105.265614: 686.0, 14.0, 756.0, 98.0
105.298947: 679.0, 0.0, 763.0, 63.0
105.33228: 679.0, 0.0, 763.0, 63.0
105.365613: 679.0, 0.0, 763.0, 63.0
105.398946: 679.0, 0.0, 763.0, 63.0
105.432279: 679.0, 0.0, 763.0, 63.0
105.465612: 679.0, 0.0, 763.0, 63.0
107.232261: 350.0, 203.0, 448.0, 259.0
107.265594: 392.0, 224.0, 490.0, 287.0
107.298927: 434.0, 245.0, 532.0, 308.0
107.33226: 469.0, 266.0, 574.0, 329.0
107.365593: 511.0, 287.0, 616.0, 350.0
107.398926: 553.0, 308.0, 651.0, 364.0
107.432259: 588.0, 329.0, 693.0, 385.0
107.465592: 623.0, 343.0, 728.0, 399.0
107.498925: 658.0, 364.0, 763.0, 413.0
107.532258: 700.0, 378.0, 791.0, 434.0
107.565591: 728.0, 392.0, 826.0, 448.0
107.598924: 763.0, 406.0, 854.0, 462.0
107.632257: 798.0, 420.0, 882.0, 476.0
107.66559: 826.0, 434.0, 910.0, 490.0
107.698923: 854.0, 448.0, 938.0, 504.0
107.732256: 875.0, 462.0, 959.0, 518.0
107.765589: 903.0, 476.0, 980.0, 532.0
107.798922: 924.0, 490.0, 1001.0, 546.0
107.832255: 938.0, 511.0, 1008.0, 560.0
107.865588: 959.0, 525.0, 1029.0, 574.0
107.898921: 973.0, 539.0, 1050.0, 588.0
107.932254: 987.0, 553.0, 1057.0, 609.0
107.965587: 1001.0, 567.0, 1071.0, 623.0
107.99892: 1008.0, 581.0, 1078.0, 644.0
108.032253: 1015.0, 602.0, 1078.0, 658.0
108.065586: 1015.0, 623.0, 1085.0, 679.0
108.098919: 1022.0, 630.0, 1085.0, 700.0
108.132252: 1015.0, 644.0, 1085.0, 714.0
108.165585: 1015.0, 672.0, 1085.0, 720.0
108.198918: 1022.0, 686.0, 1078.0, 720.0
108.232251: 1022.0, 707.0, 1078.0, 720.0
108.265584: 1022.0, 707.0, 1078.0, 720.0
108.298917: 1022.0, 707.0, 1078.0, 720.0
108.33225: 1022.0, 707.0, 1078.0, 720.0
108.365583: 1022.0, 707.0, 1078.0, 720.0
108.398916: 1022.0, 707.0, 1078.0, 720.0
109.065576: 679, 685, 752, 721
109.132242: 628, 640, 721, 694
109.232241: 552, 576, 673, 630
109.33224: 450, 500, 575, 563
109.465572: 301, 370, 448, 458
109.565571: 175, 270, 324, 352
109.66557: 41, 149, 212, 259
109.698903: -18, 104, 190, 210
109.765569: -27, 38, 115, 140
109.832235: -21, 28, 45, 79
110.565561: -29, 104, 128, 198
110.66556: 74, 240, 223, 335
110.765559: 168, 380, 295, 458
110.865558: 234, 488, 368, 583
110.932224: 289, 576, 405, 653
111.065556: 371, 690, 453, 721
